-0.355545;-3.25883;-2.92114
-0.405126;-3.2302;-2.83697
-0.448766;-3.20501;-2.74594
-0.486641;-3.18314;-2.64825
-0.518985;-3.16447;-2.54418
-0.546085;-3.14882;-2.43405
-0.568284;-3.136;-2.31826
-0.58597;-3.12579;-2.19726
-0.599581;-3.11793;-2.07155
-0.60959;-3.11215;-1.94169
-0.61651;-3.10816;-1.80826
-0.620884;-3.10563;-1.67189
-0.62328;-3.10425;-1.53324
-0.624286;-3.10367;-1.39298
-0.624503;-3.10354;-1.2518
-0.624542;-3.10352;-1.11043
-0.625013;-3.10325;-0.969551
-0.626525;-3.10238;-0.829875
-0.629673;-3.10056;-0.692089
-0.635039;-3.09746;-0.556863
-0.643179;-3.09276;-0.424842
-0.654626;-3.08615;-0.296638
-0.669876;-3.07735;-0.172826
-0.689389;-3.06608;-0.0539366
-0.713582;-3.05211;0.0595494
-0.742824;-3.03523;0.167204
-0.777437;-3.01525;0.268659
-0.817685;-2.99201;0.363606
-0.863778;-2.9654;0.451803
-0.915868;-2.93533;0.533077
-0.974046;-2.90174;0.60732
-1.03834;-2.86461;0.674498
-1.10873;-2.82398;0.734646
-1.18511;-2.77988;0.78787
-1.26733;-2.73241;0.834344
-1.3552;-2.68168;0.874311
-1.44843;-2.62785;0.908078
-1.54671;-2.57111;0.936013
-1.64967;-2.51166;0.958545
-1.7569;-2.44976;0.976154
-1.86792;-2.38566;0.989371
-1.98226;-2.31964;0.998771
-2.09937;-2.25203;1.00497
-2.21869;-2.18314;1.0086
-2.33966;-2.1133;1.01035
-2.46166;-2.04286;1.01089
-2.58409;-1.97217;1.01094
-2.70635;-1.90159;1.01119
-2.82782;-1.83146;1.01235
-2.9479;-1.76213;1.01512
-3.066;-1.69395;1.02017
-3.18155;-1.62723;1.02816
-3.29402;-1.5623;1.03971
-3.40288;-1.49945;1.05543
-3.50767;-1.43895;1.07585
-3.60795;-1.38105;1.10149
-3.70332;-1.32599;1.13278
-3.79345;-1.27395;1.17013
-3.87805;-1.22511;1.21386
-3.95689;-1.17959;1.26425
-0.365637;-3.13753;-2.99053
-0.415218;-3.10891;-2.90636
-0.458858;-3.08371;-2.81533
-0.496733;-3.06184;-2.71764
-0.529076;-3.04317;-2.61356
-0.556177;-3.02752;-2.50344
-0.578375;-3.01471;-2.38765
-0.596062;-3.00449;-2.26665
-0.609672;-2.99664;-2.14094
-0.619681;-2.99086;-2.01108
-0.626602;-2.98686;-1.87765
-0.630976;-2.98434;-1.74128
-0.633372;-2.98295;-1.60262
-0.634377;-2.98237;-1.46236
-0.634595;-2.98225;-1.32119
-0.634634;-2.98223;-1.17982
-0.635105;-2.98195;-1.03894
-0.636617;-2.98108;-0.899263
-0.639765;-2.97926;-0.761477
-0.64513;-2.97617;-0.626251
-0.653271;-2.97147;-0.49423
-0.664718;-2.96486;-0.366026
-0.679968;-2.95605;-0.242214
-0.699481;-2.94479;-0.123324
-0.723673;-2.93082;-0.00983848
-0.752916;-2.91394;0.0978164
-0.787528;-2.89395;0.199271
-0.827776;-2.87071;0.294218
-0.873869;-2.8441;0.382416
-0.925959;-2.81403;0.463689
-0.984137;-2.78044;0.537932
-1.04843;-2.74332;0.60511
-1.11882;-2.70268;0.665258
-1.1952;-2.65858;0.718482
-1.27743;-2.61111;0.764956
-1.36529;-2.56038;0.804923
-1.45852;-2.50655;0.83869
-1.5568;-2.44981;0.866625
-1.65976;-2.39037;0.889157
-1.76699;-2.32846;0.906766
-1.87802;-2.26436;0.919983
-1.99235;-2.19835;0.929384
-2.10946;-2.13074;0.935579
-2.22878;-2.06184;0.939214
-2.34975;-1.992;0.94096
-2.47175;-1.92157;0.941504
-2.59419;-1.85088;0.941549
-2.71644;-1.78029;0.9418
-2.83791;-1.71016;0.942961
-2.95799;-1.64083;0.945728
-3.07609;-1.57265;0.950778
-3.19165;-1.50593;0.958769
-3.30411;-1.441;0.970327
-3.41298;-1.37815;0.986042
-3.51776;-1.31765;1.00647
-3.61804;-1.25976;1.0321
-3.71341;-1.20469;1.06339
-3.80354;-1.15265;1.10074
-3.88814;-1.10381;1.14447
-3.96698;-1.0583;1.19486
-0.374264;-3.01708;-3.05822
-0.423845;-2.98845;-2.97405
-0.467486;-2.96326;-2.88302
-0.505361;-2.94139;-2.78534
-0.537704;-2.92272;-2.68126
-0.564805;-2.90707;-2.57113
-0.587003;-2.89426;-2.45534
-0.60469;-2.88404;-2.33435
-0.6183;-2.87619;-2.20864
-0.628309;-2.87041;-2.07878
-0.635229;-2.86641;-1.94535
-0.639604;-2.86389;-1.80898
-0.641999;-2.8625;-1.67032
-0.643005;-2.86192;-1.53006
-0.643223;-2.8618;-1.38889
-0.643261;-2.86177;-1.24751
-0.643733;-2.8615;-1.10664
-0.645244;-2.86063;-0.966961
-0.648393;-2.85881;-0.829175
-0.653758;-2.85571;-0.693949
-0.661899;-2.85101;-0.561928
-0.673346;-2.84441;-0.433724
-0.688596;-2.8356;-0.309912
-0.708109;-2.82433;-0.191022
-0.732301;-2.81037;-0.0775361
-0.761544;-2.79348;0.0301188
-0.796156;-2.7735;0.131573
-0.836404;-2.75026;0.22652
-0.882497;-2.72365;0.314718
-0.934587;-2.69358;0.395991
-0.992765;-2.65999;0.470234
-1.05706;-2.62287;0.537412
-1.12745;-2.58223;0.597561
-1.20383;-2.53813;0.650785
-1.28605;-2.49066;0.697259
-1.37392;-2.43993;0.737226
-1.46715;-2.3861;0.770992
-1.56543;-2.32936;0.798927
-1.66839;-2.26992;0.821459
-1.77562;-2.20801;0.839068
-1.88664;-2.14391;0.852286
-2.00098;-2.0779;0.861686
-2.11809;-2.01028;0.867881
-2.23741;-1.94139;0.871517
-2.35838;-1.87155;0.873262
-2.48038;-1.80111;0.873807
-2.60281;-1.73043;0.873851
-2.72507;-1.65984;0.874102
-2.84654;-1.58971;0.875264
-2.96662;-1.52038;0.87803
-3.08472;-1.4522;0.883081
-3.20027;-1.38548;0.891072
-3.31274;-1.32055;0.902629
-3.4216;-1.2577;0.918345
-3.52639;-1.1972;0.938768
-3.62667;-1.1393;0.9644
-3.72204;-1.08424;0.995693
-3.81217;-1.0322;1.03304
-3.89677;-0.98336;1.07677
-3.97561;-0.937845;1.12717
-0.380842;-2.89781;-3.12355
-0.430424;-2.86919;-3.03938
-0.474064;-2.84399;-2.94835
-0.511939;-2.82212;-2.85067
-0.544282;-2.80345;-2.74659
-0.571383;-2.7878;-2.63646
-0.593581;-2.77499;-2.52068
-0.611268;-2.76478;-2.39968
-0.624878;-2.75692;-2.27397
-0.634887;-2.75114;-2.14411
-0.641808;-2.74714;-2.01068
-0.646182;-2.74462;-1.87431
-0.648578;-2.74324;-1.73565
-0.649583;-2.74265;-1.59539
-0.649801;-2.74253;-1.45422
-0.649839;-2.74251;-1.31284
-0.650311;-2.74223;-1.17197
-0.651823;-2.74136;-1.03229
-0.654971;-2.73954;-0.894506
-0.660336;-2.73645;-0.75928
-0.668477;-2.73175;-0.627259
-0.679924;-2.72514;-0.499055
-0.695174;-2.71633;-0.375243
-0.714687;-2.70507;-0.256353
-0.738879;-2.6911;-0.142867
-0.768122;-2.67422;-0.035212
-0.802734;-2.65423;0.0662426
-0.842982;-2.631;0.16119
-0.889075;-2.60438;0.249387
-0.941165;-2.57431;0.33066
-0.999343;-2.54072;0.404904
-1.06364;-2.5036;0.472082
-1.13402;-2.46296;0.53223
-1.21041;-2.41886;0.585454
-1.29263;-2.37139;0.631928
-1.38049;-2.32066;0.671895
-1.47373;-2.26684;0.705661
-1.57201;-2.21009;0.733597
-1.67497;-2.15065;0.756128
-1.78219;-2.08874;0.773738
-1.89322;-2.02464;0.786955
-2.00756;-1.95863;0.796355
-2.12466;-1.89102;0.802551
-2.24399;-1.82212;0.806186
-2.36495;-1.75228;0.807931
-2.48696;-1.68185;0.808476
-2.60939;-1.61116;0.80852
-2.73165;-1.54057;0.808772
-2.85312;-1.47044;0.809933
-2.9732;-1.40112;0.812699
-3.0913;-1.33293;0.81775
-3.20685;-1.26621;0.825741
-3.31932;-1.20128;0.837299
-3.42818;-1.13843;0.853014
-3.53297;-1.07793;0.873437
-3.63325;-1.02004;0.89907
-3.72862;-0.964972;0.930363
-3.81875;-0.912935;0.96771
-3.90335;-0.864092;1.01144
-3.98218;-0.818577;1.06184
-0.384806;-2.78005;-3.18587
-0.434387;-2.75143;-3.1017
-0.478027;-2.72623;-3.01067
-0.515902;-2.70437;-2.91298
-0.548246;-2.68569;-2.8089
-0.575346;-2.67005;-2.69878
-0.597545;-2.65723;-2.58299
-0.615231;-2.64702;-2.46199
-0.628841;-2.63916;-2.33628
-0.638851;-2.63338;-2.20642
-0.645771;-2.62939;-2.07299
-0.650145;-2.62686;-1.93662
-0.652541;-2.62548;-1.79796
-0.653547;-2.6249;-1.6577
-0.653764;-2.62477;-1.51653
-0.653803;-2.62475;-1.37516
-0.654274;-2.62448;-1.23428
-0.655786;-2.6236;-1.0946
-0.658934;-2.62179;-0.956817
-0.664299;-2.61869;-0.821591
-0.67244;-2.61399;-0.68957
-0.683887;-2.60738;-0.561366
-0.699137;-2.59857;-0.437554
-0.71865;-2.58731;-0.318664
-0.742843;-2.57334;-0.205178
-0.772085;-2.55646;-0.0975233
-0.806697;-2.53647;0.00393125
-0.846945;-2.51324;0.0988784
-0.893039;-2.48663;0.187076
-0.945128;-2.45655;0.268349
-1.00331;-2.42296;0.342592
-1.0676;-2.38584;0.40977
-1.13799;-2.3452;0.469919
-1.21437;-2.30111;0.523142
-1.2966;-2.25363;0.569617
-1.38446;-2.2029;0.609583
-1.47769;-2.14908;0.64335
-1.57597;-2.09233;0.671285
-1.67893;-2.03289;0.693817
-1.78616;-1.97098;0.711426
-1.89719;-1.90688;0.724644
-2.01152;-1.84087;0.734044
-2.12863;-1.77326;0.740239
-2.24795;-1.70436;0.743875
-2.36892;-1.63453;0.74562
-2.49092;-1.56409;0.746164
-2.61336;-1.4934;0.746209
-2.73561;-1.42281;0.74646
-2.85708;-1.35268;0.747622
-2.97716;-1.28336;0.750388
-3.09526;-1.21517;0.755439
-3.21081;-1.14846;0.76343
-3.32328;-1.08352;0.774987
-3.43214;-1.02067;0.790703
-3.53693;-0.960173;0.811126
-3.63721;-0.902278;0.836758
-3.73258;-0.847214;0.868051
-3.82271;-0.795177;0.905398
-3.90731;-0.746333;0.949133
-3.98615;-0.700818;0.999524
-0.385615;-2.66412;-3.24453
-0.435196;-2.63549;-3.16036
-0.478836;-2.6103;-3.06933
-0.516711;-2.58843;-2.97165
-0.549055;-2.56975;-2.86757
-0.576155;-2.55411;-2.75744
-0.598354;-2.54129;-2.64166
-0.61604;-2.53108;-2.52066
-0.62965;-2.52322;-2.39495
-0.63966;-2.51744;-2.26509
-0.64658;-2.51345;-2.13166
-0.650954;-2.51092;-1.99529
-0.65335;-2.50954;-1.85663
-0.654356;-2.50896;-1.71637
-0.654573;-2.50883;-1.5752
-0.654612;-2.50881;-1.43383
-0.655083;-2.50854;-1.29295
-0.656595;-2.50767;-1.15327
-0.659743;-2.50585;-1.01549
-0.665108;-2.50275;-0.88026
-0.673249;-2.49805;-0.748239
-0.684696;-2.49144;-0.620035
-0.699946;-2.48264;-0.496223
-0.719459;-2.47137;-0.377333
-0.743652;-2.4574;-0.263847
-0.772894;-2.44052;-0.156193
-0.807507;-2.42054;-0.0547379
-0.847754;-2.3973;0.0402092
-0.893848;-2.37069;0.128407
-0.945937;-2.34061;0.20968
-1.00412;-2.30703;0.283923
-1.06841;-2.2699;0.351101
-1.1388;-2.22927;0.411249
-1.21518;-2.18517;0.464473
-1.2974;-2.13769;0.510947
-1.38527;-2.08697;0.550914
-1.4785;-2.03314;0.584681
-1.57678;-1.9764;0.612616
-1.67974;-1.91695;0.635148
-1.78697;-1.85505;0.652757
-1.89799;-1.79094;0.665974
-2.01233;-1.72493;0.675375
-2.12944;-1.65732;0.68157
-2.24876;-1.58843;0.685205
-2.36973;-1.51859;0.686951
-2.49173;-1.44815;0.687495
-2.61416;-1.37746;0.68754
-2.73642;-1.30688;0.687791
-2.85789;-1.23675;0.688952
-2.97797;-1.16742;0.691719
-3.09607;-1.09923;0.69677
-3.21162;-1.03252;0.70476
-3.32409;-0.967588;0.716318
-3.43295;-0.904735;0.732034
-3.53774;-0.844235;0.752456
-3.63802;-0.786341;0.778089
-3.73339;-0.731277;0.809382
-3.82352;-0.67924;0.846729
-3.90812;-0.630396;0.890463
-3.98696;-0.584881;0.940855
-0.382762;-2.55029;-3.29898
-0.432343;-2.52167;-3.21481
-0.475983;-2.49647;-3.12378
-0.513858;-2.47461;-3.02609
-0.546202;-2.45593;-2.92201
-0.573302;-2.44029;-2.81189
-0.595501;-2.42747;-2.6961
-0.613188;-2.41726;-2.5751
-0.626798;-2.4094;-2.44939
-0.636807;-2.40362;-2.31953
-0.643727;-2.39963;-2.1861
-0.648101;-2.3971;-2.04973
-0.650497;-2.39572;-1.91107
-0.651503;-2.39514;-1.77081
-0.65172;-2.39501;-1.62964
-0.651759;-2.39499;-1.48827
-0.65223;-2.39472;-1.34739
-0.653742;-2.39384;-1.20771
-0.65689;-2.39203;-1.06993
-0.662256;-2.38893;-0.934701
-0.670396;-2.38423;-0.80268
-0.681843;-2.37762;-0.674476
-0.697093;-2.36881;-0.550664
-0.716606;-2.35755;-0.431774
-0.740799;-2.34358;-0.318288
-0.770041;-2.3267;-0.210633
-0.804654;-2.30671;-0.109179
-0.844902;-2.28348;-0.0142317
-0.890995;-2.25687;0.0739658
-0.943085;-2.22679;0.155239
-1.00126;-2.1932;0.229482
-1.06556;-2.15608;0.29666
-1.13594;-2.11544;0.356808
-1.21233;-2.07135;0.410032
-1.29455;-2.02387;0.456507
-1.38241;-1.97314;0.496473
-1.47565;-1.91932;0.53024
-1.57393;-1.86257;0.558175
-1.67689;-1.80313;0.580707
-1.78411;-1.74122;0.598316
-1.89514;-1.67712;0.611534
-2.00947;-1.61111;0.620934
-2.12658;-1.5435;0.627129
-2.24591;-1.4746;0.630764
-2.36687;-1.40477;0.63251
-2.48888;-1.33433;0.633054
-2.61131;-1.26364;0.633099
-2.73357;-1.19305;0.63335
-2.85504;-1.12292;0.634511
-2.97512;-1.0536;0.637278
-3.09322;-0.985412;0.642329
-3.20877;-0.918696;0.65032
-3.32124;-0.853765;0.661877
-3.4301;-0.790912;0.677593
-3.53489;-0.730412;0.698016
-3.63516;-0.672518;0.723648
-3.73054;-0.617454;0.754941
-3.82067;-0.565417;0.792288
-3.90527;-0.516573;0.836023
-3.9841;-0.471058;0.886414
-0.375776;-2.43886;-3.34864
-0.425357;-2.41023;-3.26447
-0.468997;-2.38504;-3.17344
-0.506873;-2.36317;-3.07576
-0.539216;-2.34449;-2.97168
-0.566316;-2.32885;-2.86155
-0.588515;-2.31603;-2.74577
-0.606202;-2.30582;-2.62477
-0.619812;-2.29796;-2.49906
-0.629821;-2.29218;-2.3692
-0.636741;-2.28819;-2.23577
-0.641115;-2.28566;-2.0994
-0.643511;-2.28428;-1.96074
-0.644517;-2.2837;-1.82048
-0.644734;-2.28357;-1.67931
-0.644773;-2.28355;-1.53793
-0.645245;-2.28328;-1.39706
-0.646756;-2.28241;-1.25738
-0.649904;-2.28059;-1.1196
-0.65527;-2.27749;-0.98437
-0.663411;-2.27279;-0.852349
-0.674857;-2.26618;-0.724145
-0.690107;-2.25738;-0.600333
-0.70962;-2.24611;-0.481443
-0.733813;-2.23214;-0.367957
-0.763056;-2.21526;-0.260302
-0.797668;-2.19528;-0.158847
-0.837916;-2.17204;-0.0639003
-0.884009;-2.14543;0.0242972
-0.936099;-2.11535;0.10557
-0.994277;-2.08177;0.179814
-1.05857;-2.04464;0.246992
-1.12896;-2.00401;0.30714
-1.20534;-1.95991;0.360364
-1.28757;-1.91243;0.406838
-1.37543;-1.86171;0.446805
-1.46866;-1.80788;0.480571
-1.56694;-1.75114;0.508507
-1.6699;-1.69169;0.531038
-1.77713;-1.62979;0.548648
-1.88816;-1.56568;0.561865
-2.00249;-1.49967;0.571265
-2.1196;-1.43206;0.577461
-2.23892;-1.36317;0.581096
-2.35989;-1.29333;0.582841
-2.48189;-1.22289;0.583386
-2.60433;-1.1522;0.58343
-2.72658;-1.08162;0.583682
-2.84805;-1.01149;0.584843
-2.96813;-0.94216;0.587609
-3.08623;-0.873975;0.59266
-3.20179;-0.80726;0.600651
-3.31425;-0.742328;0.612209
-3.42311;-0.679475;0.627924
-3.5279;-0.618976;0.648347
-3.62818;-0.561081;0.67398
-3.72355;-0.506017;0.705273
-3.81368;-0.45398;0.74262
-3.89828;-0.405136;0.786354
-3.97712;-0.359621;0.836745
-0.364228;-2.33005;-3.39304
-0.413809;-2.30143;-3.30887
-0.457449;-2.27623;-3.21784
-0.495324;-2.25437;-3.12016
-0.527668;-2.23569;-3.01608
-0.554768;-2.22005;-2.90595
-0.576967;-2.20723;-2.79017
-0.594653;-2.19702;-2.66917
-0.608263;-2.18916;-2.54346
-0.618273;-2.18338;-2.4136
-0.625193;-2.17939;-2.28017
-0.629567;-2.17686;-2.1438
-0.631963;-2.17548;-2.00514
-0.632969;-2.1749;-1.86488
-0.633186;-2.17477;-1.72371
-0.633225;-2.17475;-1.58233
-0.633696;-2.17448;-1.44146
-0.635208;-2.1736;-1.30178
-0.638356;-2.17179;-1.164
-0.643721;-2.16869;-1.02877
-0.651862;-2.16399;-0.896749
-0.663309;-2.15738;-0.768545
-0.678559;-2.14857;-0.644733
-0.698072;-2.13731;-0.525843
-0.722265;-2.12334;-0.412357
-0.751507;-2.10646;-0.304702
-0.78612;-2.08647;-0.203248
-0.826367;-2.06324;-0.1083
-0.872461;-2.03663;-0.0201029
-0.924551;-2.00655;0.0611702
-0.982728;-1.97296;0.135413
-1.04703;-1.93584;0.202592
-1.11741;-1.8952;0.26274
-1.19379;-1.85111;0.315964
-1.27602;-1.80363;0.362438
-1.36388;-1.7529;0.402405
-1.45711;-1.69908;0.436171
-1.55539;-1.64233;0.464107
-1.65835;-1.58289;0.486638
-1.76558;-1.52098;0.504247
-1.87661;-1.45688;0.517465
-1.99094;-1.39087;0.526865
-2.10805;-1.32326;0.53306
-2.22738;-1.25436;0.536696
-2.34834;-1.18453;0.538441
-2.47034;-1.11409;0.538986
-2.59278;-1.0434;0.53903
-2.71503;-0.972815;0.539281
-2.8365;-0.902685;0.540443
-2.95658;-0.833358;0.543209
-3.07468;-0.765172;0.54826
-3.19024;-0.698457;0.556251
-3.3027;-0.633525;0.567808
-3.41157;-0.570672;0.583524
-3.51635;-0.510173;0.603947
-3.61663;-0.452279;0.62958
-3.712;-0.397215;0.660872
-3.80214;-0.345177;0.698219
-3.88673;-0.296334;0.741954
-3.96557;-0.250819;0.792345
-0.347732;-2.22411;-3.43173
-0.397314;-2.19548;-3.34756
-0.440954;-2.17029;-3.25653
-0.478829;-2.14842;-3.15885
-0.511172;-2.12975;-3.05477
-0.538273;-2.1141;-2.94464
-0.560471;-2.10128;-2.82885
-0.578158;-2.09107;-2.70786
-0.591768;-2.08321;-2.58215
-0.601777;-2.07743;-2.45229
-0.608698;-2.07344;-2.31886
-0.613072;-2.07091;-2.18248
-0.615468;-2.06953;-2.04383
-0.616473;-2.06895;-1.90357
-0.616691;-2.06882;-1.7624
-0.616729;-2.0688;-1.62102
-0.617201;-2.06853;-1.48015
-0.618713;-2.06766;-1.34047
-0.621861;-2.06584;-1.20268
-0.627226;-2.06274;-1.06746
-0.635367;-2.05804;-0.935437
-0.646814;-2.05143;-0.807233
-0.662064;-2.04263;-0.683421
-0.681577;-2.03136;-0.564531
-0.705769;-2.01739;-0.451045
-0.735012;-2.00051;-0.34339
-0.769624;-1.98053;-0.241935
-0.809872;-1.95729;-0.146988
-0.855965;-1.93068;-0.0587908
-0.908055;-1.90061;0.0224823
-0.966233;-1.86702;0.0967256
-1.03053;-1.82989;0.163904
-1.10091;-1.78926;0.224052
-1.1773;-1.74516;0.277276
-1.25952;-1.69769;0.32375
-1.34738;-1.64696;0.363717
-1.44062;-1.59313;0.397483
-1.5389;-1.53639;0.425419
-1.64186;-1.47694;0.44795
-1.74908;-1.41504;0.46556
-1.86011;-1.35094;0.478777
-1.97445;-1.28492;0.488177
-2.09155;-1.21731;0.494373
-2.21088;-1.14842;0.498008
-2.33184;-1.07858;0.499753
-2.45385;-1.00814;0.500298
-2.57628;-0.937454;0.500342
-2.69854;-0.866869;0.500594
-2.82001;-0.796739;0.501755
-2.94009;-0.727411;0.504521
-3.05819;-0.659226;0.509572
-3.17374;-0.592511;0.517563
-3.28621;-0.527579;0.529121
-3.39507;-0.464726;0.544836
-3.49986;-0.404227;0.565259
-3.60013;-0.346332;0.590892
-3.69551;-0.291268;0.622185
-3.78564;-0.239231;0.659532
-3.87024;-0.190387;0.703266
-3.94907;-0.144872;0.753657
-0.325955;-2.12121;-3.46432
-0.375537;-2.09258;-3.38015
-0.419177;-2.06739;-3.28912
-0.457052;-2.04552;-3.19143
-0.489395;-2.02685;-3.08736
-0.516496;-2.0112;-2.97723
-0.538694;-1.99839;-2.86144
-0.556381;-1.98817;-2.74044
-0.569991;-1.98032;-2.61474
-0.58;-1.97454;-2.48487
-0.586921;-1.97054;-2.35144
-0.591295;-1.96802;-2.21507
-0.593691;-1.96663;-2.07642
-0.594696;-1.96605;-1.93616
-0.594914;-1.96593;-1.79499
-0.594953;-1.96591;-1.65361
-0.595424;-1.96563;-1.51273
-0.596936;-1.96476;-1.37306
-0.600084;-1.96294;-1.23527
-0.605449;-1.95984;-1.10005
-0.61359;-1.95514;-0.968026
-0.625037;-1.94854;-0.839822
-0.640287;-1.93973;-0.71601
-0.6598;-1.92847;-0.59712
-0.683992;-1.9145;-0.483634
-0.713235;-1.89761;-0.375979
-0.747847;-1.87763;-0.274525
-0.788095;-1.85439;-0.179578
-0.834188;-1.82778;-0.09138
-0.886278;-1.79771;-0.0101069
-0.944456;-1.76412;0.0641364
-1.00875;-1.727;0.131314
-1.07914;-1.68636;0.191463
-1.15552;-1.64226;0.244687
-1.23775;-1.59479;0.291161
-1.32561;-1.54406;0.331128
-1.41884;-1.49023;0.364894
-1.51712;-1.43349;0.392829
-1.62008;-1.37405;0.415361
-1.72731;-1.31214;0.43297
-1.83833;-1.24804;0.446188
-1.95267;-1.18203;0.455588
-2.06978;-1.11441;0.461783
-2.1891;-1.04552;0.465419
-2.31007;-0.975683;0.467164
-2.43207;-0.905245;0.467709
-2.55451;-0.834557;0.467753
-2.67676;-0.763971;0.468004
-2.79823;-0.693841;0.469166
-2.91831;-0.624514;0.471932
-3.03641;-0.556329;0.476983
-3.15196;-0.489613;0.484974
-3.26443;-0.424682;0.496531
-3.37329;-0.361829;0.512247
-3.47808;-0.301329;0.53267
-3.57836;-0.243435;0.558302
-3.67373;-0.188371;0.589595
-3.76386;-0.136334;0.626942
-3.84846;-0.0874902;0.670677
-3.9273;-0.0419752;0.721068
-0.298615;-2.02153;-3.49049
-0.348196;-1.9929;-3.40632
-0.391836;-1.9677;-3.31529
-0.429711;-1.94584;-3.2176
-0.462055;-1.92716;-3.11352
-0.489155;-1.91152;-3.0034
-0.511354;-1.8987;-2.88761
-0.529041;-1.88849;-2.76661
-0.542651;-1.88063;-2.6409
-0.55266;-1.87485;-2.51104
-0.55958;-1.87086;-2.37761
-0.563954;-1.86833;-2.24124
-0.56635;-1.86695;-2.10258
-0.567356;-1.86637;-1.96232
-0.567573;-1.86624;-1.82115
-0.567612;-1.86622;-1.67978
-0.568083;-1.86595;-1.5389
-0.569595;-1.86508;-1.39922
-0.572743;-1.86326;-1.26144
-0.578109;-1.86016;-1.12621
-0.586249;-1.85546;-0.994191
-0.597696;-1.84885;-0.865987
-0.612946;-1.84005;-0.742175
-0.632459;-1.82878;-0.623285
-0.656652;-1.81481;-0.509799
-0.685895;-1.79793;-0.402144
-0.720507;-1.77795;-0.300689
-0.760755;-1.75471;-0.205742
-0.806848;-1.7281;-0.117545
-0.858938;-1.69802;-0.0362717
-0.917116;-1.66443;0.0379716
-0.981412;-1.62731;0.10515
-1.0518;-1.58668;0.165298
-1.12818;-1.54258;0.218522
-1.2104;-1.4951;0.264996
-1.29827;-1.44438;0.304963
-1.3915;-1.39055;0.338729
-1.48978;-1.33381;0.366665
-1.59274;-1.27436;0.389196
-1.69997;-1.21245;0.406806
-1.81099;-1.14835;0.420023
-1.92533;-1.08234;0.429423
-2.04244;-1.01473;0.435619
-2.16176;-0.945836;0.439254
-2.28273;-0.875998;0.440999
-2.40473;-0.80556;0.441544
-2.52716;-0.734872;0.441588
-2.64942;-0.664286;0.44184
-2.77089;-0.594156;0.443001
-2.89097;-0.524829;0.445767
-3.00907;-0.456644;0.450818
-3.12462;-0.389928;0.458809
-3.23709;-0.324997;0.470367
-3.34595;-0.262144;0.486082
-3.45074;-0.201644;0.506505
-3.55102;-0.14375;0.532138
-3.64639;-0.0886859;0.563431
-3.73652;-0.0366487;0.600778
-3.82112;0.0121947;0.644512
-3.89996;0.0577097;0.694903
-0.265484;-1.92518;-3.50997
-0.315065;-1.89656;-3.4258
-0.358706;-1.87136;-3.33477
-0.396581;-1.84949;-3.23708
-0.428924;-1.83082;-3.133
-0.456025;-1.81518;-3.02288
-0.478223;-1.80236;-2.90709
-0.49591;-1.79215;-2.78609
-0.50952;-1.78429;-2.66038
-0.519529;-1.77851;-2.53052
-0.526449;-1.77452;-2.39709
-0.530823;-1.77199;-2.26072
-0.533219;-1.77061;-2.12206
-0.534225;-1.77003;-1.9818
-0.534443;-1.7699;-1.84063
-0.534481;-1.76988;-1.69926
-0.534953;-1.76961;-1.55838
-0.536464;-1.76873;-1.4187
-0.539613;-1.76692;-1.28092
-0.544978;-1.76382;-1.14569
-0.553119;-1.75912;-1.01367
-0.564565;-1.75251;-0.885466
-0.579816;-1.7437;-0.761654
-0.599328;-1.73244;-0.642764
-0.623521;-1.71847;-0.529278
-0.652764;-1.70159;-0.421623
-0.687376;-1.6816;-0.320169
-0.727624;-1.65837;-0.225221
-0.773717;-1.63176;-0.137024
-0.825807;-1.60168;-0.0557507
-0.883985;-1.56809;0.0184925
-0.948282;-1.53097;0.0856706
-1.01867;-1.49033;0.145819
-1.09505;-1.44624;0.199043
-1.17727;-1.39876;0.245517
-1.26514;-1.34803;0.285484
-1.35837;-1.29421;0.31925
-1.45665;-1.23746;0.347186
-1.55961;-1.17802;0.369717
-1.66684;-1.11611;0.387326
-1.77786;-1.05201;0.400544
-1.8922;-0.986;0.409944
-2.00931;-0.918387;0.416139
-2.12863;-0.849494;0.419775
-2.2496;-0.779656;0.42152
-2.3716;-0.709218;0.422065
-2.49403;-0.63853;0.422109
-2.61629;-0.567944;0.42236
-2.73776;-0.497814;0.423522
-2.85784;-0.428487;0.426288
-2.97594;-0.360302;0.431339
-3.09149;-0.293586;0.43933
-3.20396;-0.228655;0.450888
-3.31282;-0.165802;0.466603
-3.41761;-0.105302;0.487026
-3.51789;-0.0474081;0.512659
-3.61326;0.00765614;0.543952
-3.70339;0.0596933;0.581299
-3.78799;0.108537;0.625033
-3.86683;0.154052;0.675424
-0.226395;-1.83228;-3.52256
-0.275976;-1.80366;-3.43839
-0.319616;-1.77846;-3.34736
-0.357491;-1.75659;-3.24968
-0.389835;-1.73792;-3.1456
-0.416935;-1.72227;-3.03547
-0.439134;-1.70946;-2.91969
-0.456821;-1.69925;-2.79869
-0.470431;-1.69139;-2.67298
-0.48044;-1.68561;-2.54312
-0.48736;-1.68161;-2.40969
-0.491734;-1.67909;-2.27332
-0.49413;-1.6777;-2.13466
-0.495136;-1.67712;-1.9944
-0.495353;-1.677;-1.85323
-0.495392;-1.67698;-1.71185
-0.495864;-1.6767;-1.57098
-0.497375;-1.67583;-1.4313
-0.500523;-1.67401;-1.29352
-0.505889;-1.67092;-1.15829
-0.51403;-1.66622;-1.02627
-0.525476;-1.65961;-0.898064
-0.540726;-1.6508;-0.774252
-0.560239;-1.63954;-0.655363
-0.584432;-1.62557;-0.541877
-0.613675;-1.60869;-0.434222
-0.648287;-1.5887;-0.332767
-0.688535;-1.56547;-0.23782
-0.734628;-1.53885;-0.149623
-0.786718;-1.50878;-0.0683494
-0.844896;-1.47519;0.00589387
-0.909192;-1.43807;0.073072
-0.979577;-1.39743;0.13322
-1.05596;-1.35333;0.186444
-1.13818;-1.30586;0.232918
-1.22605;-1.25513;0.272885
-1.31928;-1.2013;0.306652
-1.41756;-1.14456;0.334587
-1.52052;-1.08512;0.357119
-1.62775;-1.02321;0.374728
-1.73877;-0.959109;0.387945
-1.85311;-0.893098;0.397345
-1.97022;-0.825485;0.403541
-2.08954;-0.756592;0.407176
-2.21051;-0.686754;0.408922
-2.33251;-0.616316;0.409466
-2.45495;-0.545628;0.409511
-2.5772;-0.475043;0.409762
-2.69867;-0.404913;0.410923
-2.81875;-0.335585;0.41369
-2.93685;-0.2674;0.41874
-3.0524;-0.200685;0.426731
-3.16487;-0.135753;0.438289
-3.27373;-0.0728998;0.454004
-3.37852;-0.0124005;0.474427
-3.4788;0.0454938;0.50006
-3.57417;0.100558;0.531353
-3.6643;0.152595;0.5687
-3.7489;0.201439;0.612434
-3.82774;0.246954;0.662826
-0.181238;-1.74288;-3.52816
-0.230819;-1.71426;-3.44399
-0.274459;-1.68906;-3.35296
-0.312335;-1.66719;-3.25527
-0.344678;-1.64852;-3.15119
-0.371778;-1.63287;-3.04107
-0.393977;-1.62006;-2.92528
-0.411664;-1.60985;-2.80428
-0.425274;-1.60199;-2.67857
-0.435283;-1.59621;-2.54871
-0.442203;-1.59221;-2.41528
-0.446577;-1.58969;-2.27891
-0.448973;-1.58831;-2.14025
-0.449979;-1.58773;-1.99999
-0.450196;-1.5876;-1.85882
-0.450235;-1.58758;-1.71745
-0.450707;-1.58731;-1.57657
-0.452218;-1.58643;-1.43689
-0.455366;-1.58461;-1.29911
-0.460732;-1.58152;-1.16388
-0.468873;-1.57682;-1.03186
-0.480319;-1.57021;-0.903657
-0.495569;-1.5614;-0.779845
-0.515082;-1.55014;-0.660955
-0.539275;-1.53617;-0.547469
-0.568518;-1.51929;-0.439814
-0.60313;-1.4993;-0.33836
-0.643378;-1.47607;-0.243412
-0.689471;-1.44945;-0.155215
-0.741561;-1.41938;-0.0739418
-0.799739;-1.38579;0.000301508
-0.864035;-1.34867;0.0674796
-0.93442;-1.30803;0.127628
-1.0108;-1.26393;0.180852
-1.09303;-1.21646;0.227326
-1.18089;-1.16573;0.267293
-1.27412;-1.11191;0.301059
-1.3724;-1.05516;0.328995
-1.47537;-0.995718;0.351526
-1.58259;-0.933812;0.369135
-1.69362;-0.86971;0.382353
-1.80795;-0.8037;0.391753
-1.92506;-0.736087;0.397948
-2.04439;-0.667194;0.401584
-2.16535;-0.597356;0.403329
-2.28735;-0.526917;0.403874
-2.40979;-0.456229;0.403918
-2.53205;-0.385644;0.404169
-2.65351;-0.315514;0.405331
-2.77359;-0.246186;0.408097
-2.89169;-0.178001;0.413148
-3.00725;-0.111286;0.421139
-3.11971;-0.046354;0.432697
-3.22858;0.0164989;0.448412
-3.33336;0.0769982;0.468835
-3.43364;0.134893;0.494468
-3.52901;0.189957;0.525761
-3.61915;0.241994;0.563107
-3.70375;0.290837;0.606842
-3.78258;0.336352;0.657233
-0.129965;-1.65702;-3.52669
-0.179546;-1.62839;-3.44252
-0.223187;-1.60319;-3.35149
-0.261062;-1.58133;-3.2538
-0.293405;-1.56265;-3.14972
-0.320506;-1.54701;-3.0396
-0.342704;-1.53419;-2.92381
-0.360391;-1.52398;-2.80281
-0.374001;-1.51612;-2.6771
-0.38401;-1.51034;-2.54724
-0.39093;-1.50635;-2.41381
-0.395304;-1.50382;-2.27744
-0.3977;-1.50244;-2.13878
-0.398706;-1.50186;-1.99852
-0.398924;-1.50173;-1.85735
-0.398962;-1.50171;-1.71598
-0.399434;-1.50144;-1.5751
-0.400945;-1.50056;-1.43542
-0.404094;-1.49875;-1.29764
-0.409459;-1.49565;-1.16241
-0.4176;-1.49095;-1.03039
-0.429046;-1.48434;-0.902187
-0.444297;-1.47554;-0.778375
-0.463809;-1.46427;-0.659485
-0.488002;-1.4503;-0.545999
-0.517245;-1.43342;-0.438344
-0.551857;-1.41344;-0.33689
-0.592105;-1.3902;-0.241943
-0.638198;-1.36359;-0.153745
-0.690288;-1.33351;-0.072472
-0.748466;-1.29992;0.00177131
-0.812763;-1.2628;0.0689494
-0.883147;-1.22217;0.129098
-0.959528;-1.17807;0.182321
-1.04176;-1.13059;0.228796
-1.12962;-1.07987;0.268763
-1.22285;-1.02604;0.302529
-1.32113;-0.969296;0.330464
-1.42409;-0.909851;0.352996
-1.53132;-0.847945;0.370605
-1.64234;-0.783843;0.383823
-1.75668;-0.717832;0.393223
-1.87379;-0.650219;0.399418
-1.99311;-0.581326;0.403054
-2.11408;-0.511488;0.404799
-2.23608;-0.44105;0.405343
-2.35852;-0.370361;0.405388
-2.48077;-0.299776;0.405639
-2.60224;-0.229646;0.406801
-2.72232;-0.160319;0.409567
-2.84042;-0.0921335;0.414618
-2.95597;-0.0254182;0.422609
-3.06844;0.0395137;0.434166
-3.1773;0.102367;0.449882
-3.28209;0.162866;0.470305
-3.38237;0.22076;0.495937
-3.47774;0.275824;0.52723
-3.56787;0.327862;0.564577
-3.65247;0.376705;0.608312
-3.73131;0.42222;0.658703
-0.0725891;-1.57467;-3.51817
-0.12217;-1.54605;-3.434
-0.16581;-1.52085;-3.34297
-0.203686;-1.49898;-3.24528
-0.236029;-1.48031;-3.14121
-0.263129;-1.46466;-3.03108
-0.285328;-1.45185;-2.91529
-0.303015;-1.44164;-2.79429
-0.316625;-1.43378;-2.66859
-0.326634;-1.428;-2.53872
-0.333554;-1.424;-2.40529
-0.337928;-1.42148;-2.26892
-0.340324;-1.42009;-2.13027
-0.34133;-1.41951;-1.99001
-0.341547;-1.41939;-1.84884
-0.341586;-1.41937;-1.70746
-0.342058;-1.41909;-1.56658
-0.343569;-1.41822;-1.42691
-0.346717;-1.4164;-1.28912
-0.352083;-1.41331;-1.15389
-0.360224;-1.40861;-1.02187
-0.37167;-1.402;-0.89367
-0.38692;-1.39319;-0.769858
-0.406433;-1.38193;-0.650968
-0.430626;-1.36796;-0.537482
-0.459869;-1.35108;-0.429827
-0.494481;-1.33109;-0.328372
-0.534729;-1.30785;-0.233425
-0.580822;-1.28124;-0.145228
-0.632912;-1.25117;-0.0639547
-0.69109;-1.21758;0.0102886
-0.755386;-1.18046;0.0774667
-0.825771;-1.13982;0.137615
-0.902152;-1.09572;0.190839
-0.984379;-1.04825;0.237313
-1.07224;-0.997522;0.27728
-1.16547;-0.943695;0.311046
-1.26375;-0.886952;0.338982
-1.36672;-0.827507;0.361513
-1.47394;-0.765601;0.379123
-1.58497;-0.701499;0.39234
-1.6993;-0.635488;0.40174
-1.81641;-0.567875;0.407936
-1.93574;-0.498982;0.411571
-2.0567;-0.429144;0.413316
-2.1787;-0.358706;0.413861
-2.30114;-0.288017;0.413905
-2.4234;-0.217432;0.414157
-2.54486;-0.147302;0.415318
-2.66494;-0.0779749;0.418084
-2.78304;-0.00978957;0.423135
-2.8986;0.0569257;0.431126
-3.01106;0.121858;0.442684
-3.11993;0.18471;0.458399
-3.22472;0.24521;0.478822
-3.32499;0.303104;0.504455
-3.42037;0.358168;0.535748
-3.5105;0.410205;0.573095
-3.5951;0.459049;0.616829
-3.67393;0.504564;0.66722
-0.00918328;-1.49581;-3.50269
-0.0587644;-1.46718;-3.41852
-0.102405;-1.44199;-3.32749
-0.14028;-1.42012;-3.2298
-0.172623;-1.40145;-3.12573
-0.199724;-1.3858;-3.0156
-0.221922;-1.37298;-2.89981
-0.239609;-1.36277;-2.77881
-0.253219;-1.35491;-2.65311
-0.263228;-1.34914;-2.52324
-0.270148;-1.34514;-2.38981
-0.274522;-1.34262;-2.25344
-0.276918;-1.34123;-2.11479
-0.277924;-1.34065;-1.97453
-0.278142;-1.34053;-1.83336
-0.27818;-1.3405;-1.69198
-0.278652;-1.34023;-1.5511
-0.280163;-1.33936;-1.41143
-0.283312;-1.33754;-1.27364
-0.288677;-1.33444;-1.13842
-0.296818;-1.32974;-1.00639
-0.308264;-1.32313;-0.87819
-0.323515;-1.31433;-0.754378
-0.343027;-1.30306;-0.635488
-0.36722;-1.2891;-0.522002
-0.396463;-1.27221;-0.414347
-0.431075;-1.25223;-0.312893
-0.471323;-1.22899;-0.217946
-0.517416;-1.20238;-0.129748
-0.569506;-1.17231;-0.048475
-0.627684;-1.13872;0.0257683
-0.691981;-1.1016;0.0929463
-0.762365;-1.06096;0.153095
-0.838746;-1.01686;0.206318
-0.920973;-0.969387;0.252793
-1.00884;-0.918659;0.292759
-1.10207;-0.864832;0.326526
-1.20035;-0.808089;0.354461
-1.30331;-0.748644;0.376993
-1.41053;-0.686738;0.394602
-1.52156;-0.622636;0.40782
-1.6359;-0.556625;0.41722
-1.75301;-0.489013;0.423415
-1.87233;-0.420119;0.427051
-1.99329;-0.350281;0.428796
-2.1153;-0.279843;0.42934
-2.23773;-0.209155;0.429385
-2.35999;-0.13857;0.429636
-2.48146;-0.0684396;0.430798
-2.60154;0.000887803;0.433564
-2.71964;0.0690731;0.438615
-2.83519;0.135788;0.446606
-2.94766;0.20072;0.458163
-3.05652;0.263573;0.473879
-3.16131;0.324072;0.494302
-3.26159;0.381967;0.519934
-3.35696;0.437031;0.551227
-3.44709;0.489068;0.588574
-3.53169;0.537912;0.632309
-3.61052;0.583427;0.6827
0.0601181;-1.42035;-3.4804
0.010537;-1.39172;-3.39623
-0.0331032;-1.36653;-3.3052
-0.0709783;-1.34466;-3.20752
-0.103322;-1.32599;-3.10344
-0.130422;-1.31034;-2.99331
-0.152621;-1.29752;-2.87752
-0.170308;-1.28731;-2.75653
-0.183918;-1.27946;-2.63082
-0.193927;-1.27368;-2.50096
-0.200847;-1.26968;-2.36752
-0.205221;-1.26716;-2.23115
-0.207617;-1.26577;-2.0925
-0.208623;-1.26519;-1.95224
-0.20884;-1.26507;-1.81107
-0.208879;-1.26504;-1.66969
-0.20935;-1.26477;-1.52882
-0.210862;-1.2639;-1.38914
-0.21401;-1.26208;-1.25135
-0.219376;-1.25898;-1.11613
-0.227516;-1.25428;-0.984107
-0.238963;-1.24768;-0.855903
-0.254213;-1.23887;-0.732091
-0.273726;-1.2276;-0.613201
-0.297919;-1.21364;-0.499715
-0.327161;-1.19675;-0.39206
-0.361774;-1.17677;-0.290605
-0.402022;-1.15353;-0.195658
-0.448115;-1.12692;-0.107461
-0.500205;-1.09685;-0.0261876
-0.558383;-1.06326;0.0480556
-0.622679;-1.02614;0.115234
-0.693064;-0.9855;0.175382
-0.769445;-0.941401;0.228606
-0.851672;-0.893928;0.27508
-0.939534;-0.843201;0.315047
-1.03277;-0.789373;0.348813
-1.13105;-0.73263;0.376749
-1.23401;-0.673185;0.39928
-1.34123;-0.611279;0.41689
-1.45226;-0.547177;0.430107
-1.56659;-0.481167;0.439507
-1.6837;-0.413554;0.445703
-1.80303;-0.344661;0.449338
-1.92399;-0.274823;0.451083
-2.046;-0.204384;0.451628
-2.16843;-0.133696;0.451673
-2.29069;-0.0631107;0.451924
-2.41216;0.00701927;0.453085
-2.53224;0.0763467;0.455851
-2.65034;0.144532;0.460902
-2.76589;0.211247;0.468893
-2.87836;0.276179;0.480451
-2.98722;0.339032;0.496166
-3.09201;0.399531;0.516589
-3.19228;0.457426;0.542222
-3.28766;0.51249;0.573515
-3.37779;0.564527;0.610862
-3.46239;0.61337;0.654596
-3.54122;0.658885;0.704987
0.135122;-1.34818;-3.45153
0.0855412;-1.31956;-3.36736
0.041901;-1.29436;-3.27633
0.00402589;-1.27249;-3.17864
-0.0283175;-1.25382;-3.07457
-0.055418;-1.23817;-2.96444
-0.0776166;-1.22536;-2.84865
-0.0953033;-1.21515;-2.72765
-0.108913;-1.20729;-2.60195
-0.118923;-1.20151;-2.47208
-0.125843;-1.19752;-2.33865
-0.130217;-1.19499;-2.20228
-0.132613;-1.19361;-2.06363
-0.133618;-1.19303;-1.92337
-0.133836;-1.1929;-1.7822
-0.133875;-1.19288;-1.64082
-0.134346;-1.19261;-1.49994
-0.135858;-1.19173;-1.36027
-0.139006;-1.18992;-1.22248
-0.144371;-1.18682;-1.08726
-0.152512;-1.18212;-0.955234
-0.163959;-1.17551;-0.82703
-0.179209;-1.1667;-0.703218
-0.198722;-1.15544;-0.584328
-0.222915;-1.14147;-0.470842
-0.252157;-1.12459;-0.363188
-0.286769;-1.1046;-0.261733
-0.327017;-1.08137;-0.166786
-0.373111;-1.05476;-0.0785884
-0.4252;-1.02468;0.00268475
-0.483378;-0.991092;0.076928
-0.547675;-0.95397;0.144106
-0.61806;-0.913334;0.204254
-0.694441;-0.869235;0.257478
-0.776667;-0.821761;0.303952
-0.86453;-0.771034;0.343919
-0.957762;-0.717207;0.377686
-1.05604;-0.660464;0.405621
-1.159;-0.601019;0.428153
-1.26623;-0.539113;0.445762
-1.37726;-0.475011;0.458979
-1.49159;-0.409;0.46838
-1.6087;-0.341387;0.474575
-1.72803;-0.272494;0.47821
-1.84899;-0.202656;0.479956
-1.97099;-0.132218;0.4805
-2.09343;-0.0615295;0.480545
-2.21568;0.00905561;0.480796
-2.33715;0.0791856;0.481957
-2.45723;0.148513;0.484724
-2.57533;0.216698;0.489775
-2.69089;0.283414;0.497765
-2.80335;0.348345;0.509323
-2.91222;0.411198;0.525039
-3.017;0.471698;0.545461
-3.11728;0.529592;0.571094
-3.21265;0.584656;0.602387
-3.30279;0.636693;0.639734
-3.38738;0.685537;0.683468
-3.46622;0.731052;0.73386
0.21558;-1.27917;-3.41636
0.165998;-1.25054;-3.33219
0.122358;-1.22534;-3.24116
0.0844831;-1.20348;-3.14347
0.0521396;-1.1848;-3.0394
0.0250392;-1.16916;-2.92927
0.00284062;-1.15634;-2.81348
-0.0148461;-1.14613;-2.69248
-0.0284561;-1.13827;-2.56678
-0.0384654;-1.13249;-2.43691
-0.0453856;-1.1285;-2.30348
-0.0497596;-1.12597;-2.16711
-0.0521556;-1.12459;-2.02846
-0.0531613;-1.12401;-1.8882
-0.0533787;-1.12388;-1.74703
-0.0534175;-1.12386;-1.60565
-0.053889;-1.12359;-1.46477
-0.0554006;-1.12272;-1.3251
-0.0585488;-1.1209;-1.18731
-0.0639142;-1.1178;-1.05209
-0.072055;-1.1131;-0.920065
-0.0835016;-1.10649;-0.791861
-0.0987517;-1.09769;-0.668049
-0.118265;-1.08642;-0.549159
-0.142457;-1.07245;-0.435673
-0.1717;-1.05557;-0.328019
-0.206312;-1.03559;-0.226564
-0.24656;-1.01235;-0.131617
-0.292653;-0.985737;-0.0434195
-0.344743;-0.955663;0.0378537
-0.402921;-0.922074;0.112097
-0.467218;-0.884952;0.179275
-0.537602;-0.844316;0.239423
-0.613984;-0.800217;0.292647
-0.69621;-0.752743;0.339121
-0.784072;-0.702016;0.379088
-0.877304;-0.648189;0.412855
-0.975586;-0.591446;0.44079
-1.07855;-0.532001;0.463322
-1.18577;-0.470095;0.480931
-1.2968;-0.405993;0.494148
-1.41113;-0.339982;0.503549
-1.52824;-0.272369;0.509744
-1.64757;-0.203476;0.513379
-1.76853;-0.133638;0.515125
-1.89053;-0.0631998;0.515669
-2.01297;0.00748853;0.515714
-2.13523;0.0780737;0.515965
-2.2567;0.148204;0.517126
-2.37677;0.217531;0.519893
-2.49488;0.285716;0.524943
-2.61043;0.352432;0.532934
-2.72289;0.417364;0.544492
-2.83176;0.480216;0.560207
-2.93655;0.540716;0.58063
-3.03682;0.59861;0.606263
-3.1322;0.653674;0.637556
-3.22233;0.705711;0.674903
-3.30693;0.754555;0.718637
-3.38576;0.80007;0.769029
0.301185;-1.21312;-3.37525
0.251604;-1.18449;-3.29108
0.207964;-1.1593;-3.20005
0.170089;-1.13743;-3.10236
0.137745;-1.11876;-2.99829
0.110645;-1.10311;-2.88816
0.0884465;-1.0903;-2.77237
0.0707597;-1.08008;-2.65137
0.0571497;-1.07223;-2.52566
0.0471405;-1.06645;-2.3958
0.0402202;-1.06245;-2.26237
0.0358462;-1.05993;-2.126
0.0334503;-1.05854;-1.98734
0.0324445;-1.05796;-1.84708
0.0322271;-1.05784;-1.70591
0.0321884;-1.05781;-1.56454
0.0317168;-1.05754;-1.42366
0.0302053;-1.05667;-1.28398
0.027057;-1.05485;-1.1462
0.0216916;-1.05175;-1.01097
0.0135509;-1.04705;-0.878951
0.00210419;-1.04045;-0.750747
-0.0131459;-1.03164;-0.626935
-0.0326588;-1.02037;-0.508045
-0.0568516;-1.00641;-0.394559
-0.0860942;-0.989524;-0.286905
-0.120706;-0.969541;-0.18545
-0.160954;-0.946303;-0.0905029
-0.207048;-0.919692;-0.0023054
-0.259137;-0.889617;0.0789677
-0.317315;-0.856028;0.153211
-0.381612;-0.818907;0.220389
-0.451997;-0.77827;0.280537
-0.528378;-0.734171;0.333761
-0.610604;-0.686698;0.380235
-0.698467;-0.635971;0.420202
-0.791698;-0.582143;0.453969
-0.88998;-0.5254;0.481904
-0.992942;-0.465955;0.504436
-1.10017;-0.404049;0.522045
-1.21119;-0.339947;0.535262
-1.32553;-0.273937;0.544663
-1.44264;-0.206324;0.550858
-1.56196;-0.137431;0.554493
-1.68293;-0.0675927;0.556239
-1.80493;0.00284573;0.556783
-1.92736;0.073534;0.556828
-2.04962;0.144119;0.557079
-2.17109;0.214249;0.55824
-2.29117;0.283577;0.561007
-2.40927;0.351762;0.566058
-2.52482;0.418477;0.574048
-2.63729;0.483409;0.585606
-2.74615;0.546262;0.601322
-2.85094;0.606761;0.621744
-2.95122;0.664656;0.647377
-3.04659;0.71972;0.67867
-3.13672;0.771757;0.716017
-3.22132;0.8206;0.759751
-3.30016;0.866115;0.810143
0.391584;-1.14984;-3.3286
0.342003;-1.12122;-3.24443
0.298363;-1.09602;-3.1534
0.260488;-1.07415;-3.05571
0.228144;-1.05548;-2.95164
0.201044;-1.03983;-2.84151
0.178845;-1.02702;-2.72572
0.161158;-1.01681;-2.60472
0.147548;-1.00895;-2.47902
0.137539;-1.00317;-2.34915
0.130619;-0.999173;-2.21572
0.126245;-0.996648;-2.07935
0.123849;-0.995265;-1.9407
0.122843;-0.994684;-1.80044
0.122626;-0.994558;-1.65927
0.122587;-0.994536;-1.51789
0.122116;-0.994264;-1.37701
0.120604;-0.993391;-1.23734
0.117456;-0.991574;-1.09955
0.11209;-0.988476;-0.964324
0.10395;-0.983776;-0.832303
0.0925029;-0.977167;-0.704099
0.0772528;-0.968362;-0.580287
0.0577399;-0.957097;-0.461397
0.0335471;-0.943129;-0.347911
0.00430449;-0.926246;-0.240256
-0.0303078;-0.906262;-0.138802
-0.0705556;-0.883025;-0.0438545
-0.116649;-0.856413;0.044343
-0.168739;-0.826339;0.125616
-0.226917;-0.79275;0.199859
-0.291213;-0.755628;0.267038
-0.361598;-0.714992;0.327186
-0.437979;-0.670893;0.38041
-0.520206;-0.62342;0.426884
-0.608068;-0.572692;0.466851
-0.7013;-0.518865;0.500617
-0.799582;-0.462122;0.528552
-0.902543;-0.402677;0.551084
-1.00977;-0.340771;0.568693
-1.1208;-0.276669;0.581911
-1.23513;-0.210658;0.591311
-1.35224;-0.143045;0.597506
-1.47156;-0.0741524;0.601142
-1.59253;-0.00431436;0.602887
-1.71453;0.0661241;0.603432
-1.83697;0.136812;0.603476
-1.95922;0.207398;0.603727
-2.08069;0.277528;0.604889
-2.20077;0.346855;0.607655
-2.31887;0.41504;0.612706
-2.43443;0.481756;0.620697
-2.54689;0.546687;0.632254
-2.65575;0.60954;0.64797
-2.76054;0.67004;0.668393
-2.86082;0.727934;0.694026
-2.95619;0.782998;0.725318
-3.04632;0.835035;0.762665
-3.13092;0.883879;0.8064
-3.20976;0.929394;0.856791
0.486372;-1.0891;-3.27688
0.436791;-1.06047;-3.19271
0.393151;-1.03528;-3.10168
0.355276;-1.01341;-3.00399
0.322932;-0.994735;-2.89992
0.295832;-0.979089;-2.78979
0.273633;-0.966273;-2.674
0.255946;-0.956061;-2.553
0.242336;-0.948203;-2.4273
0.232327;-0.942425;-2.29744
0.225407;-0.938429;-2.164
0.221033;-0.935904;-2.02763
0.218637;-0.93452;-1.88898
0.217631;-0.93394;-1.74872
0.217414;-0.933814;-1.60755
0.217375;-0.933792;-1.46617
0.216903;-0.93352;-1.3253
0.215392;-0.932647;-1.18562
0.212244;-0.930829;-1.04783
0.206878;-0.927732;-0.912607
0.198738;-0.923032;-0.780586
0.187291;-0.916423;-0.652382
0.172041;-0.907618;-0.52857
0.152528;-0.896352;-0.40968
0.128335;-0.882385;-0.296194
0.0990924;-0.865501;-0.18854
0.0644802;-0.845518;-0.0870849
0.0242323;-0.822281;0.00786218
-0.0218609;-0.795669;0.0960597
-0.0739508;-0.765595;0.177333
-0.132129;-0.732006;0.251576
-0.196425;-0.694884;0.318754
-0.26681;-0.654248;0.378902
-0.343191;-0.610149;0.432126
-0.425418;-0.562675;0.4786
-0.51328;-0.511948;0.518567
-0.606512;-0.458121;0.552334
-0.704794;-0.401378;0.580269
-0.807755;-0.341933;0.602801
-0.91498;-0.280027;0.62041
-1.02601;-0.215925;0.633628
-1.14034;-0.149914;0.643028
-1.25745;-0.0823012;0.649223
-1.37678;-0.0134081;0.652858
-1.49774;0.0564299;0.654604
-1.61974;0.126868;0.655148
-1.74218;0.197557;0.655193
-1.86444;0.268142;0.655444
-1.9859;0.338272;0.656605
-2.10598;0.407599;0.659372
-2.22408;0.475784;0.664423
-2.33964;0.5425;0.672413
-2.4521;0.607432;0.683971
-2.56097;0.670285;0.699687
-2.66575;0.730784;0.720109
-2.76603;0.788678;0.745742
-2.8614;0.843742;0.777035
-2.95154;0.895779;0.814382
-3.03613;0.944623;0.858116
-3.11497;0.990138;0.908508
0.585102;-1.03063;-3.22061
0.535521;-1.002;-3.13644
0.49188;-0.976808;-3.04541
0.454005;-0.95494;-2.94773
0.421662;-0.936267;-2.84365
0.394561;-0.92062;-2.73352
0.372363;-0.907804;-2.61773
0.354676;-0.897593;-2.49674
0.341066;-0.889735;-2.37103
0.331057;-0.883956;-2.24117
0.324137;-0.879961;-2.10774
0.319763;-0.877435;-1.97137
0.317367;-0.876052;-1.83271
0.316361;-0.875471;-1.69245
0.316143;-0.875346;-1.55128
0.316105;-0.875323;-1.4099
0.315633;-0.875051;-1.26903
0.314122;-0.874179;-1.12935
0.310973;-0.872361;-0.991565
0.305608;-0.869263;-0.856339
0.297467;-0.864563;-0.724318
0.286021;-0.857954;-0.596114
0.27077;-0.84915;-0.472302
0.251257;-0.837884;-0.353412
0.227065;-0.823916;-0.239926
0.197822;-0.807033;-0.132271
0.16321;-0.78705;-0.0308168
0.122962;-0.763812;0.0641304
0.0768688;-0.737201;0.152328
0.0247789;-0.707126;0.233601
-0.0333991;-0.673537;0.307844
-0.0976956;-0.636416;0.375022
-0.16808;-0.595779;0.435171
-0.244461;-0.55168;0.488394
-0.326688;-0.504207;0.534869
-0.41455;-0.45348;0.574835
-0.507782;-0.399652;0.608602
-0.606064;-0.342909;0.636537
-0.709025;-0.283464;0.659069
-0.81625;-0.221558;0.676678
-0.927278;-0.157456;0.689896
-1.04161;-0.0914457;0.699296
-1.15872;-0.0238327;0.705491
-1.27805;0.0450603;0.709127
-1.39901;0.114898;0.710872
-1.52101;0.185337;0.711416
-1.64345;0.256025;0.711461
-1.76571;0.32661;0.711712
-1.88717;0.39674;0.712874
-2.00725;0.466068;0.71564
-2.12535;0.534253;0.720691
-2.24091;0.600968;0.728682
-2.35337;0.6659;0.740239
-2.46224;0.728753;0.755955
-2.56702;0.789252;0.776378
-2.6673;0.847147;0.80201
-2.76267;0.902211;0.833303
-2.85281;0.954248;0.87065
-2.93741;1.00309;0.914385
-3.01624;1.04861;0.964776
0.687286;-0.974155;-3.16036
0.637705;-0.945529;-3.07619
0.594065;-0.920334;-2.98516
0.55619;-0.898467;-2.88747
0.523846;-0.879793;-2.78339
0.496746;-0.864147;-2.67327
0.474547;-0.85133;-2.55748
0.456861;-0.841119;-2.43648
0.443251;-0.833261;-2.31077
0.433241;-0.827482;-2.18091
0.426321;-0.823487;-2.04748
0.421947;-0.820961;-1.91111
0.419551;-0.819578;-1.77245
0.418545;-0.818998;-1.63219
0.418328;-0.818872;-1.49102
0.418289;-0.81885;-1.34965
0.417818;-0.818577;-1.20877
0.416306;-0.817705;-1.06909
0.413158;-0.815887;-0.931308
0.407792;-0.812789;-0.796082
0.399652;-0.808089;-0.66406
0.388205;-0.801481;-0.535857
0.372955;-0.792676;-0.412044
0.353442;-0.78141;-0.293155
0.329249;-0.767442;-0.179669
0.300007;-0.750559;-0.0720139
0.265394;-0.730576;0.0294407
0.225146;-0.707339;0.124388
0.179053;-0.680727;0.212585
0.126963;-0.650653;0.293858
0.0687855;-0.617064;0.368102
0.0044889;-0.579942;0.43528
-0.0658957;-0.539305;0.495428
-0.142277;-0.495207;0.548652
-0.224504;-0.447733;0.595126
-0.312366;-0.397006;0.635093
-0.405598;-0.343178;0.668859
-0.503879;-0.286435;0.696795
-0.606841;-0.22699;0.719326
-0.714065;-0.165084;0.736936
-0.825093;-0.100982;0.750153
-0.939427;-0.0349719;0.759553
-1.05654;0.0326411;0.765749
-1.17586;0.101534;0.769384
-1.29683;0.171372;0.771129
-1.41883;0.241811;0.771674
-1.54126;0.312499;0.771719
-1.66352;0.383084;0.77197
-1.78499;0.453214;0.773131
-1.90507;0.522541;0.775898
-2.02317;0.590727;0.780948
-2.13872;0.657442;0.788939
-2.25119;0.722374;0.800497
-2.36005;0.785227;0.816212
-2.46484;0.845726;0.836635
-2.56512;0.90362;0.862268
-2.66049;0.958685;0.893561
-2.75062;1.01072;0.930908
-2.83522;1.05957;0.974642
-2.91406;1.10508;1.02503
0.792404;-0.919375;-3.09671
0.742823;-0.890749;-3.01254
0.699183;-0.865554;-2.92151
0.661308;-0.843686;-2.82382
0.628964;-0.825013;-2.71975
0.601864;-0.809366;-2.60962
0.579665;-0.79655;-2.49383
0.561978;-0.786339;-2.37283
0.548368;-0.778481;-2.24713
0.538359;-0.772702;-2.11726
0.531439;-0.768707;-1.98383
0.527065;-0.766181;-1.84746
0.524669;-0.764798;-1.70881
0.523663;-0.764217;-1.56855
0.523446;-0.764092;-1.42738
0.523407;-0.764069;-1.286
0.522936;-0.763797;-1.14512
0.521424;-0.762925;-1.00545
0.518276;-0.761107;-0.867663
0.51291;-0.758009;-0.732437
0.50477;-0.753309;-0.600416
0.493323;-0.7467;-0.472212
0.478073;-0.737896;-0.3484
0.45856;-0.72663;-0.22951
0.434367;-0.712662;-0.116024
0.405125;-0.695779;-0.00836916
0.370512;-0.675796;0.0930854
0.330264;-0.652558;0.188033
0.284171;-0.625947;0.27623
0.232081;-0.595872;0.357503
0.173903;-0.562283;0.431746
0.109607;-0.525162;0.498925
0.0392222;-0.484525;0.559073
-0.0371591;-0.440426;0.612297
-0.119386;-0.392953;0.658771
-0.207248;-0.342226;0.698738
-0.30048;-0.288398;0.732504
-0.398761;-0.231655;0.760439
-0.501723;-0.17221;0.782971
-0.608947;-0.110304;0.80058
-0.719975;-0.0462023;0.813798
-0.834309;0.0198083;0.823198
-0.951418;0.0874213;0.829393
-1.07074;0.156314;0.833029
-1.19171;0.226152;0.834774
-1.31371;0.296591;0.835319
-1.43615;0.367279;0.835363
-1.5584;0.437864;0.835614
-1.67987;0.507994;0.836776
-1.79995;0.577322;0.839542
-1.91805;0.645507;0.844593
-2.03361;0.712222;0.852584
-2.14607;0.777154;0.864141
-2.25493;0.840007;0.879857
-2.35972;0.900506;0.90028
-2.46;0.958401;0.925913
-2.55537;1.01346;0.957205
-2.6455;1.0655;0.994552
-2.7301;1.11435;1.03829
-2.80894;1.15986;1.08868
0.899905;-0.86597;-3.03032
0.850324;-0.837345;-2.94615
0.806683;-0.812149;-2.85512
0.768808;-0.790282;-2.75743
0.736465;-0.771608;-2.65335
0.709364;-0.755962;-2.54323
0.687166;-0.743146;-2.42744
0.669479;-0.732934;-2.30644
0.655869;-0.725076;-2.18073
0.64586;-0.719298;-2.05087
0.63894;-0.715302;-1.91744
0.634566;-0.712777;-1.78107
0.63217;-0.711393;-1.64241
0.631164;-0.710813;-1.50215
0.630946;-0.710687;-1.36098
0.630908;-0.710665;-1.21961
0.630436;-0.710393;-1.07873
0.628925;-0.70952;-0.939053
0.625776;-0.707702;-0.801267
0.620411;-0.704605;-0.666041
0.61227;-0.699905;-0.53402
0.600824;-0.693296;-0.405816
0.585574;-0.684491;-0.282004
0.566061;-0.673225;-0.163114
0.541868;-0.659258;-0.049628
0.512625;-0.642374;0.0580268
0.478013;-0.622391;0.159481
0.437765;-0.599154;0.254429
0.391672;-0.572542;0.342626
0.339582;-0.542468;0.423899
0.281404;-0.508879;0.498142
0.217107;-0.471757;0.565321
0.146723;-0.431121;0.625469
0.0703416;-0.387022;0.678693
-0.011885;-0.339548;0.725167
-0.0997473;-0.288821;0.765134
-0.192979;-0.234994;0.7989
-0.291261;-0.178251;0.826836
-0.394222;-0.118806;0.849367
-0.501447;-0.0568997;0.866976
-0.612475;0.00720223;0.880194
-0.726808;0.0732128;0.889594
-0.843917;0.140826;0.895789
-0.963244;0.209719;0.899425
-1.08421;0.279557;0.90117
-1.20621;0.349995;0.901715
-1.32865;0.420684;0.901759
-1.4509;0.491269;0.90201
-1.57237;0.561399;0.903172
-1.69245;0.630726;0.905938
-1.81055;0.698911;0.910989
-1.9261;0.765627;0.91898
-2.03857;0.830559;0.930537
-2.14743;0.893411;0.946253
-2.25222;0.953911;0.966676
-2.3525;1.01181;0.992309
-2.44787;1.06687;1.0236
-2.538;1.11891;1.06095
-2.6226;1.16775;1.10468
-2.70144;1.21326;1.15507
1.00921;-0.81361;-2.96183
0.959632;-0.784984;-2.87766
0.915992;-0.759788;-2.78663
0.878117;-0.737921;-2.68894
0.845774;-0.719248;-2.58487
0.818673;-0.703601;-2.47474
0.796475;-0.690785;-2.35895
0.778788;-0.680574;-2.23795
0.765178;-0.672716;-2.11225
0.755169;-0.666937;-1.98238
0.748248;-0.662942;-1.84895
0.743874;-0.660416;-1.71258
0.741478;-0.659033;-1.57393
0.740473;-0.658452;-1.43367
0.740255;-0.658327;-1.2925
0.740217;-0.658304;-1.15112
0.739745;-0.658032;-1.01025
0.738233;-0.657159;-0.870569
0.735085;-0.655342;-0.732783
0.72972;-0.652244;-0.597557
0.721579;-0.647544;-0.465536
0.710132;-0.640935;-0.337332
0.694882;-0.632131;-0.21352
0.675369;-0.620865;-0.0946301
0.651177;-0.606897;0.0188559
0.621934;-0.590014;0.126511
0.587322;-0.57003;0.227965
0.547074;-0.546793;0.322912
0.500981;-0.520181;0.41111
0.448891;-0.490107;0.492383
0.390713;-0.456518;0.566626
0.326416;-0.419397;0.633804
0.256032;-0.37876;0.693953
0.17965;-0.334661;0.747177
0.0974238;-0.287188;0.793651
0.00956153;-0.23646;0.833618
-0.0836703;-0.182633;0.867384
-0.181952;-0.12589;0.895319
-0.284914;-0.0664452;0.917851
-0.392138;-0.00453913;0.93546
-0.503166;0.0595628;0.948678
-0.6175;0.125573;0.958078
-0.734609;0.193186;0.964273
-0.853935;0.262079;0.967909
-0.974898;0.331917;0.969654
-1.0969;0.402356;0.970198
-1.21934;0.473044;0.970243
-1.34159;0.543629;0.970494
-1.46306;0.613759;0.971656
-1.58314;0.683087;0.974422
-1.70124;0.751272;0.979473
-1.8168;0.817987;0.987464
-1.92926;0.882919;0.999021
-2.03813;0.945772;1.01474
-2.14291;1.00627;1.03516
-2.24319;1.06417;1.06079
-2.33856;1.11923;1.09209
-2.42869;1.17127;1.12943
-2.51329;1.22011;1.17317
-2.59213;1.26563;1.22356
1.11974;-0.761951;-2.89194
1.07016;-0.733325;-2.80777
1.02652;-0.70813;-2.71674
0.988641;-0.686262;-2.61906
0.956298;-0.667589;-2.51498
0.929198;-0.651943;-2.40485
0.906999;-0.639126;-2.28907
0.889312;-0.628915;-2.16807
0.875702;-0.621057;-2.04236
0.865693;-0.615278;-1.9125
0.858773;-0.611283;-1.77907
0.854399;-0.608757;-1.6427
0.852003;-0.607374;-1.50404
0.850997;-0.606793;-1.36378
0.85078;-0.606668;-1.22261
0.850741;-0.606646;-1.08123
0.850269;-0.606373;-0.940357
0.848758;-0.605501;-0.800681
0.84561;-0.603683;-0.662895
0.840244;-0.600585;-0.527669
0.832103;-0.595885;-0.395648
0.820657;-0.589276;-0.267444
0.805407;-0.580472;-0.143632
0.785894;-0.569206;-0.0247425
0.761701;-0.555238;0.0887435
0.732458;-0.538355;0.196398
0.697846;-0.518372;0.297853
0.657598;-0.495135;0.3928
0.611505;-0.468523;0.480997
0.559415;-0.438449;0.562271
0.501237;-0.404859;0.636514
0.436941;-0.367738;0.703692
0.366556;-0.327101;0.76384
0.290175;-0.283003;0.817064
0.207948;-0.235529;0.863538
0.120086;-0.184802;0.903505
0.0268541;-0.130974;0.937272
-0.0714277;-0.0742313;0.965207
-0.174389;-0.0147864;0.987739
-0.281614;0.0471196;1.00535
-0.392641;0.111222;1.01857
-0.506975;0.177232;1.02797
-0.624084;0.244845;1.03416
-0.74341;0.313738;1.0378
-0.864373;0.383576;1.03954
-0.986376;0.454015;1.04009
-1.10881;0.524703;1.04013
-1.23107;0.595288;1.04038
-1.35254;0.665418;1.04154
-1.47262;0.734745;1.04431
-1.59072;0.802931;1.04936
-1.70627;0.869646;1.05735
-1.81874;0.934578;1.06891
-1.9276;0.997431;1.08462
-2.03239;1.05793;1.10505
-2.13266;1.11582;1.13068
-2.22804;1.17089;1.16197
-2.31817;1.22293;1.19932
-2.40277;1.27177;1.24305
-2.4816;1.31728;1.29345
1.23087;-0.710645;-2.82135
1.18129;-0.682019;-2.73718
1.13765;-0.656824;-2.64615
1.09978;-0.634956;-2.54846
1.06743;-0.616283;-2.44439
1.04033;-0.600636;-2.33426
1.01813;-0.58782;-2.21847
1.00045;-0.577609;-2.09747
0.986837;-0.569751;-1.97177
0.976828;-0.563972;-1.8419
0.969908;-0.559977;-1.70847
0.965534;-0.557451;-1.5721
0.963138;-0.556068;-1.43345
0.962132;-0.555487;-1.29319
0.961915;-0.555362;-1.15202
0.961876;-0.555339;-1.01064
0.961405;-0.555067;-0.869765
0.959893;-0.554195;-0.730089
0.956745;-0.552377;-0.592303
0.951379;-0.549279;-0.457077
0.943239;-0.544579;-0.325055
0.931792;-0.53797;-0.196851
0.916542;-0.529166;-0.0730394
0.897029;-0.5179;0.0458504
0.872836;-0.503932;0.159336
0.843594;-0.487049;0.266991
0.808981;-0.467066;0.368446
0.768733;-0.443828;0.463393
0.72264;-0.417217;0.55159
0.67055;-0.387142;0.632864
0.612372;-0.353553;0.707107
0.548076;-0.316432;0.774285
0.477691;-0.275795;0.834433
0.40131;-0.231696;0.887657
0.319083;-0.184223;0.934131
0.231221;-0.133496;0.974098
0.137989;-0.0796682;1.00786
0.0397076;-0.0229252;1.0358
-0.063254;0.0365197;1.05833
-0.170478;0.0984257;1.07594
-0.281506;0.162528;1.08916
-0.39584;0.228538;1.09856
-0.512949;0.296151;1.10475
-0.632275;0.365044;1.10839
-0.753238;0.434882;1.11013
-0.875241;0.505321;1.11068
-0.997677;0.576009;1.11072
-1.11993;0.646594;1.11097
-1.2414;0.716724;1.11214
-1.36148;0.786052;1.1149
-1.47958;0.854237;1.11995
-1.59514;0.920952;1.12794
-1.7076;0.985884;1.1395
-1.81647;1.04874;1.15522
-1.92125;1.10924;1.17564
-2.02153;1.16713;1.20127
-2.1169;1.22219;1.23257
-2.20703;1.27423;1.26991
-2.29163;1.32308;1.31365
-2.37047;1.36859;1.36404
1.34201;-0.659339;-2.75076
1.29243;-0.630713;-2.66659
1.24879;-0.605517;-2.57556
1.21091;-0.58365;-2.47787
1.17857;-0.564977;-2.3738
1.15147;-0.54933;-2.26367
1.12927;-0.536514;-2.14788
1.11158;-0.526303;-2.02688
1.09797;-0.518445;-1.90118
1.08796;-0.512666;-1.77131
1.08104;-0.508671;-1.63788
1.07667;-0.506145;-1.50151
1.07427;-0.504762;-1.36286
1.07327;-0.504181;-1.2226
1.07305;-0.504056;-1.08143
1.07301;-0.504033;-0.940049
1.07254;-0.503761;-0.799172
1.07103;-0.502888;-0.659496
1.06788;-0.501071;-0.52171
1.06251;-0.497973;-0.386484
1.05437;-0.493273;-0.254462
1.04293;-0.486664;-0.126259
1.02768;-0.47786;-0.0024465
1.00816;-0.466594;0.116443
0.983971;-0.452626;0.229929
0.954729;-0.435743;0.337584
0.920117;-0.415759;0.439039
0.879869;-0.392522;0.533986
0.833775;-0.36591;0.622183
0.781686;-0.335836;0.703456
0.723508;-0.302247;0.7777
0.659211;-0.265126;0.844878
0.588827;-0.224489;0.905026
0.512445;-0.18039;0.95825
0.430219;-0.132917;1.00472
0.342356;-0.0821895;1.04469
0.249125;-0.0283621;1.07846
0.150843;0.0283809;1.10639
0.0478813;0.0878258;1.12892
-0.0593431;0.149732;1.14653
-0.170371;0.213834;1.15975
-0.284705;0.279844;1.16915
-0.401814;0.347457;1.17535
-0.52114;0.41635;1.17898
-0.642103;0.486188;1.18073
-0.764106;0.556627;1.18127
-0.886542;0.627315;1.18132
-1.0088;0.6979;1.18157
-1.13027;0.76803;1.18273
-1.25035;0.837358;1.1855
-1.36845;0.905543;1.19055
-1.484;0.972258;1.19854
-1.59647;1.03719;1.21009
-1.70533;1.10004;1.22581
-1.81012;1.16054;1.24623
-1.91039;1.21844;1.27187
-2.00577;1.2735;1.30316
-2.0959;1.32554;1.34051
-2.1805;1.37438;1.38424
-2.25933;1.4199;1.43463
1.45253;-0.60768;-2.68087
1.40295;-0.579054;-2.5967
1.35931;-0.553859;-2.50567
1.32144;-0.531992;-2.40798
1.28909;-0.513318;-2.30391
1.26199;-0.497672;-2.19378
1.23979;-0.484855;-2.07799
1.22211;-0.474644;-1.95699
1.2085;-0.466786;-1.83129
1.19849;-0.461007;-1.70142
1.19157;-0.457012;-1.56799
1.18719;-0.454486;-1.43162
1.1848;-0.453103;-1.29297
1.18379;-0.452522;-1.15271
1.18357;-0.452397;-1.01154
1.18354;-0.452375;-0.870161
1.18306;-0.452102;-0.729284
1.18155;-0.45123;-0.589608
1.1784;-0.449412;-0.451822
1.17304;-0.446314;-0.316596
1.1649;-0.441614;-0.184575
1.15345;-0.435005;-0.056371
1.1382;-0.426201;0.067441
1.11869;-0.414935;0.186331
1.0945;-0.400967;0.299817
1.06525;-0.384084;0.407472
1.03064;-0.364101;0.508926
0.990393;-0.340864;0.603873
0.9443;-0.314252;0.692071
0.89221;-0.284178;0.773344
0.834032;-0.250589;0.847587
0.769736;-0.213467;0.914765
0.699351;-0.17283;0.974914
0.62297;-0.128732;1.02814
0.540743;-0.081258;1.07461
0.452881;-0.0305307;1.11458
0.359649;0.0232967;1.14834
0.261367;0.0800397;1.17628
0.158406;0.139485;1.19881
0.0511812;0.201391;1.21642
-0.0598466;0.265493;1.22964
-0.17418;0.331503;1.23904
-0.291289;0.399116;1.24523
-0.410616;0.468009;1.24887
-0.531579;0.537847;1.25061
-0.653582;0.608286;1.25116
-0.776017;0.678974;1.2512
-0.898274;0.749559;1.25146
-1.01974;0.819689;1.25262
-1.13982;0.889016;1.25538
-1.25792;0.957202;1.26043
-1.37348;1.02392;1.26842
-1.48594;1.08885;1.27998
-1.59481;1.1517;1.2957
-1.69959;1.2122;1.31612
-1.79987;1.2701;1.34175
-1.89524;1.32516;1.37305
-1.98537;1.3772;1.41039
-2.06997;1.42604;1.45413
-2.14881;1.47156;1.50452
1.56184;-0.55532;-2.61239
1.51226;-0.526694;-2.52822
1.46862;-0.501498;-2.43719
1.43075;-0.479631;-2.3395
1.3984;-0.460957;-2.23543
1.3713;-0.445311;-2.1253
1.3491;-0.432495;-2.00951
1.33142;-0.422283;-1.88851
1.31781;-0.414425;-1.7628
1.3078;-0.408647;-1.63294
1.30088;-0.404651;-1.49951
1.2965;-0.402126;-1.36314
1.29411;-0.400743;-1.22448
1.2931;-0.400162;-1.08422
1.29288;-0.400036;-0.943054
1.29284;-0.400014;-0.801677
1.29237;-0.399742;-0.6608
1.29086;-0.398869;-0.521124
1.28771;-0.397051;-0.383338
1.28235;-0.393954;-0.248112
1.27421;-0.389254;-0.116091
1.26276;-0.382645;0.0121129
1.24751;-0.37384;0.135925
1.228;-0.362574;0.254815
1.2038;-0.348607;0.368301
1.17456;-0.331724;0.475956
1.13995;-0.31174;0.57741
1.0997;-0.288503;0.672357
1.05361;-0.261891;0.760555
1.00152;-0.231817;0.841828
0.943341;-0.198228;0.916071
0.879044;-0.161106;0.983249
0.80866;-0.12047;1.0434
0.732278;-0.076371;1.09662
0.650052;-0.0288974;1.1431
0.56219;0.0218299;1.18306
0.468958;0.0756573;1.21683
0.370676;0.1324;1.24476
0.267714;0.191845;1.2673
0.16049;0.253751;1.28491
0.0494622;0.317853;1.29812
-0.0648715;0.383864;1.30752
-0.181981;0.451477;1.31372
-0.301307;0.52037;1.31735
-0.42227;0.590208;1.3191
-0.544273;0.660646;1.31964
-0.666708;0.731334;1.31969
-0.788966;0.80192;1.31994
-0.910434;0.87205;1.3211
-1.03051;0.941377;1.32387
-1.14861;1.00956;1.32892
-1.26417;1.07628;1.33691
-1.37663;1.14121;1.34847
-1.4855;1.20406;1.36418
-1.59029;1.26456;1.3846
-1.69056;1.32246;1.41024
-1.78593;1.37752;1.44153
-1.87607;1.42956;1.47888
-1.96067;1.4784;1.52261
-2.0395;1.52392;1.573
1.66934;-0.501915;-2.54599
1.61976;-0.473289;-2.46182
1.57612;-0.448094;-2.37079
1.53825;-0.426226;-2.2731
1.5059;-0.407553;-2.16903
1.4788;-0.391906;-2.0589
1.4566;-0.37909;-1.94311
1.43892;-0.368879;-1.82211
1.42531;-0.361021;-1.69641
1.4153;-0.355242;-1.56654
1.40838;-0.351247;-1.43311
1.404;-0.348721;-1.29674
1.40161;-0.347338;-1.15809
1.4006;-0.346757;-1.01783
1.40038;-0.346632;-0.876658
1.40035;-0.346609;-0.735281
1.39987;-0.346337;-0.594404
1.39836;-0.345465;-0.454728
1.39521;-0.343647;-0.316942
1.38985;-0.340549;-0.181716
1.38171;-0.335849;-0.049695
1.37026;-0.32924;0.0785089
1.35501;-0.320436;0.202321
1.3355;-0.30917;0.321211
1.31131;-0.295202;0.434697
1.28206;-0.278319;0.542352
1.24745;-0.258336;0.643806
1.2072;-0.235098;0.738753
1.16111;-0.208487;0.826951
1.10902;-0.178412;0.908224
1.05084;-0.144823;0.982467
0.986545;-0.107702;1.04965
0.91616;-0.0670652;1.10979
0.839779;-0.0229665;1.16302
0.757552;0.0245071;1.20949
0.66969;0.0752344;1.24946
0.576458;0.129062;1.28322
0.478177;0.185805;1.31116
0.375215;0.24525;1.33369
0.267991;0.307156;1.3513
0.156963;0.371258;1.36452
0.0426291;0.437268;1.37392
-0.07448;0.504881;1.38011
-0.193806;0.573774;1.38375
-0.314769;0.643612;1.38549
-0.436772;0.714051;1.38604
-0.559208;0.784739;1.38608
-0.681465;0.855324;1.38634
-0.802934;0.925454;1.3875
-0.923012;0.994782;1.39026
-1.04111;1.06297;1.39531
-1.15667;1.12968;1.4033
-1.26913;1.19461;1.41486
-1.378;1.25747;1.43058
-1.48278;1.31797;1.451
-1.58306;1.37586;1.47663
-1.67843;1.43092;1.50793
-1.76857;1.48296;1.54527
-1.85316;1.53181;1.58901
-1.932;1.57732;1.6394
1.77446;-0.447135;-2.48235
1.72488;-0.418509;-2.39818
1.68124;-0.393313;-2.30715
1.64336;-0.371446;-2.20946
1.61102;-0.352773;-2.10538
1.58392;-0.337126;-1.99526
1.56172;-0.32431;-1.87947
1.54403;-0.314098;-1.75847
1.53042;-0.306241;-1.63276
1.52042;-0.300462;-1.5029
1.5135;-0.296466;-1.36947
1.50912;-0.293941;-1.2331
1.50673;-0.292558;-1.09444
1.50572;-0.291977;-0.954183
1.5055;-0.291852;-0.813013
1.50546;-0.291829;-0.671636
1.50499;-0.291557;-0.53076
1.50348;-0.290684;-0.391084
1.50033;-0.288867;-0.253297
1.49497;-0.285769;-0.118072
1.48683;-0.281069;0.0139497
1.47538;-0.27446;0.142154
1.46013;-0.265656;0.265966
1.44062;-0.25439;0.384855
1.41642;-0.240422;0.498341
1.38718;-0.223539;0.605996
1.35257;-0.203555;0.707451
1.31232;-0.180318;0.802398
1.26623;-0.153706;0.890595
1.21414;-0.123632;0.971869
1.15596;-0.0900432;1.04611
1.09166;-0.0529216;1.11329
1.02128;-0.012285;1.17344
0.944897;0.0318137;1.22666
0.86267;0.0792873;1.27314
0.774808;0.130015;1.3131
0.681576;0.183842;1.34687
0.583295;0.240585;1.3748
0.480333;0.30003;1.39734
0.373109;0.361936;1.41495
0.262081;0.426038;1.42816
0.147747;0.492048;1.43756
0.030638;0.559661;1.44376
-0.0886883;0.628554;1.44739
-0.209651;0.698392;1.44914
-0.331654;0.768831;1.44968
-0.45409;0.839519;1.44973
-0.576347;0.910104;1.44998
-0.697816;0.980234;1.45114
-0.817894;1.04956;1.45391
-0.935995;1.11775;1.45896
-1.05155;1.18446;1.46695
-1.16401;1.24939;1.47851
-1.27288;1.31225;1.49422
-1.37767;1.37275;1.51465
-1.47794;1.43064;1.54028
-1.57332;1.4857;1.57157
-1.66345;1.53774;1.60892
-1.74805;1.58659;1.65265
-1.82688;1.6321;1.70304
1.87664;-0.390661;-2.42209
1.82706;-0.362035;-2.33792
1.78342;-0.33684;-2.24689
1.74555;-0.314972;-2.1492
1.7132;-0.296299;-2.04513
1.6861;-0.280652;-1.935
1.66391;-0.267836;-1.81921
1.64622;-0.257625;-1.69821
1.63261;-0.249767;-1.57251
1.6226;-0.243988;-1.44264
1.61568;-0.239993;-1.30921
1.61131;-0.237467;-1.17284
1.60891;-0.236084;-1.03419
1.6079;-0.235503;-0.893926
1.60769;-0.235378;-0.752756
1.60765;-0.235355;-0.611379
1.60718;-0.235083;-0.470502
1.60566;-0.234211;-0.330826
1.60252;-0.232393;-0.19304
1.59715;-0.229295;-0.057814
1.58901;-0.224595;0.0742072
1.57756;-0.217986;0.202411
1.56231;-0.209182;0.326223
1.5428;-0.197916;0.445113
1.51861;-0.183948;0.558599
1.48937;-0.167065;0.666254
1.45475;-0.147082;0.767708
1.4145;-0.123844;0.862655
1.36841;-0.0972326;0.950853
1.31632;-0.0671585;1.03213
1.25814;-0.0335694;1.10637
1.19385;0.00355222;1.17355
1.12346;0.0441888;1.2337
1.04708;0.0882875;1.28692
0.964855;0.135761;1.33339
0.876993;0.186488;1.37336
0.783761;0.240316;1.40713
0.685479;0.297059;1.43506
0.582518;0.356504;1.45759
0.475293;0.41841;1.4752
0.364265;0.482512;1.48842
0.249932;0.548522;1.49782
0.132822;0.616135;1.50402
0.0134962;0.685028;1.50765
-0.107467;0.754866;1.5094
-0.22947;0.825305;1.50994
-0.351905;0.895993;1.50999
-0.474162;0.966578;1.51024
-0.595631;1.03671;1.5114
-0.71571;1.10604;1.51417
-0.83381;1.17422;1.51922
-0.949364;1.24094;1.52721
-1.06183;1.30587;1.53876
-1.17069;1.36872;1.55448
-1.27548;1.42922;1.5749
-1.37576;1.48711;1.60054
-1.47113;1.54218;1.63183
-1.56126;1.59422;1.66918
-1.64586;1.64306;1.71291
-1.7247;1.68857;1.7633
1.97537;-0.332193;-2.36582
1.92579;-0.303567;-2.28165
1.88215;-0.278371;-2.19062
1.84428;-0.256504;-2.09293
1.81193;-0.23783;-1.98886
1.78483;-0.222184;-1.87873
1.76264;-0.209368;-1.76294
1.74495;-0.199156;-1.64194
1.73134;-0.191298;-1.51624
1.72133;-0.18552;-1.38637
1.71441;-0.181524;-1.25294
1.71004;-0.178999;-1.11657
1.70764;-0.177616;-0.977918
1.70663;-0.177035;-0.837658
1.70642;-0.176909;-0.696487
1.70638;-0.176887;-0.555111
1.70591;-0.176615;-0.414234
1.70439;-0.175742;-0.274558
1.70125;-0.173924;-0.136772
1.69588;-0.170827;-0.00154587
1.68774;-0.166127;0.130475
1.67629;-0.159518;0.258679
1.66104;-0.150713;0.382491
1.64153;-0.139447;0.501381
1.61734;-0.12548;0.614867
1.58809;-0.108597;0.722522
1.55348;-0.0886132;0.823976
1.51323;-0.065376;0.918924
1.46714;-0.0387641;1.00712
1.41505;-0.00869;1.08839
1.35687;0.024899;1.16264
1.29258;0.0620207;1.22982
1.22219;0.102657;1.28996
1.14581;0.146756;1.34319
1.06358;0.19423;1.38966
0.975722;0.244957;1.42963
0.88249;0.298784;1.4634
0.784209;0.355527;1.49133
0.681247;0.414972;1.51386
0.574023;0.476878;1.53147
0.462995;0.54098;1.54469
0.348661;0.606991;1.55409
0.231552;0.674604;1.56028
0.112226;0.743497;1.56392
-0.00873706;0.813335;1.56567
-0.13074;0.883773;1.56621
-0.253176;0.954461;1.56625
-0.375433;1.02505;1.56651
-0.496902;1.09518;1.56767
-0.61698;1.1645;1.57043
-0.735081;1.23269;1.57548
-0.850635;1.2994;1.58347
-0.9631;1.36434;1.59503
-1.07196;1.42719;1.61075
-1.17675;1.48769;1.63117
-1.27703;1.54558;1.6568
-1.3724;1.60065;1.6881
-1.46253;1.65268;1.72544
-1.54713;1.70153;1.76918
-1.62597;1.74704;1.81957
2.07016;-0.271448;-2.3141
2.02058;-0.242823;-2.22993
1.97694;-0.217627;-2.1389
1.93907;-0.19576;-2.04122
1.90672;-0.177086;-1.93714
1.87962;-0.16144;-1.82701
1.85742;-0.148623;-1.71123
1.83974;-0.138412;-1.59023
1.82613;-0.130554;-1.46452
1.81612;-0.124775;-1.33466
1.8092;-0.12078;-1.20123
1.80482;-0.118255;-1.06486
1.80243;-0.116871;-0.926201
1.80142;-0.116291;-0.785941
1.8012;-0.116165;-0.644771
1.80117;-0.116143;-0.503394
1.80069;-0.115871;-0.362517
1.79918;-0.114998;-0.222841
1.79603;-0.11318;-0.0850552
1.79067;-0.110083;0.0501708
1.78253;-0.105382;0.182192
1.77108;-0.0987737;0.310396
1.75583;-0.0899691;0.434208
1.73632;-0.0787033;0.553098
1.71213;-0.0647356;0.666584
1.68288;-0.0478523;0.774239
1.64827;-0.0278689;0.875693
1.60802;-0.00463183;0.97064
1.56193;0.0219801;1.05884
1.50984;0.0520542;1.14011
1.45166;0.0856433;1.21435
1.38736;0.122765;1.28153
1.31698;0.163401;1.34168
1.2406;0.2075;1.3949
1.15837;0.254974;1.44138
1.07051;0.305701;1.48135
0.977278;0.359528;1.51511
0.878997;0.416271;1.54305
0.776035;0.475716;1.56558
0.668811;0.537622;1.58319
0.557783;0.601724;1.59641
0.443449;0.667735;1.60581
0.32634;0.735348;1.612
0.207014;0.804241;1.61564
0.0860509;0.874079;1.61738
-0.035952;0.944517;1.61793
-0.158388;1.01521;1.61797
-0.280645;1.08579;1.61822
-0.402114;1.15592;1.61938
-0.522192;1.22525;1.62215
-0.640293;1.29343;1.6272
-0.755847;1.36015;1.63519
-0.868312;1.42508;1.64675
-0.977177;1.48793;1.66246
-1.08196;1.54843;1.68289
-1.18224;1.60633;1.70852
-1.27761;1.66139;1.73981
-1.36775;1.71343;1.77716
-1.45234;1.76227;1.82089
-1.53118;1.80779;1.87129
2.16056;-0.20817;-2.26745
2.11098;-0.179544;-2.18328
2.06734;-0.154349;-2.09226
2.02946;-0.132481;-1.99457
1.99712;-0.113808;-1.89049
1.97002;-0.0981615;-1.78037
1.94782;-0.0853451;-1.66458
1.93014;-0.0751337;-1.54358
1.91653;-0.0672759;-1.41787
1.90652;-0.0614971;-1.28801
1.8996;-0.0575017;-1.15458
1.89522;-0.0549763;-1.01821
1.89283;-0.0535931;-0.879553
1.89182;-0.0530124;-0.739293
1.8916;-0.0528869;-0.598122
1.89156;-0.0528645;-0.456746
1.89109;-0.0525922;-0.315869
1.88958;-0.0517195;-0.176193
1.88643;-0.0499019;-0.0384067
1.88107;-0.0468042;0.0968192
1.87293;-0.0421041;0.22884
1.86148;-0.0354954;0.357044
1.84623;-0.0266908;0.480856
1.82672;-0.0154249;0.599746
1.80252;-0.00145726;0.713232
1.77328;0.015426;0.820887
1.73867;0.0354094;0.922342
1.69842;0.0586465;1.01729
1.65233;0.0852584;1.10549
1.60024;0.115333;1.18676
1.54206;0.148922;1.261
1.47776;0.186043;1.32818
1.40738;0.22668;1.38833
1.331;0.270779;1.44155
1.24877;0.318252;1.48803
1.16091;0.368979;1.52799
1.06768;0.422807;1.56176
0.969395;0.47955;1.5897
0.866434;0.538995;1.61223
0.759209;0.600901;1.62984
0.648182;0.665003;1.64305
0.533848;0.731013;1.65245
0.416739;0.798626;1.65865
0.297413;0.867519;1.66228
0.17645;0.937357;1.66403
0.0544467;1.0078;1.66457
-0.0679891;1.07848;1.66462
-0.190246;1.14907;1.66487
-0.311715;1.2192;1.66603
-0.431793;1.28853;1.6688
-0.549894;1.35671;1.67385
-0.665448;1.42343;1.68184
-0.777913;1.48836;1.6934
-0.886778;1.55121;1.70911
-0.991566;1.61171;1.72954
-1.09184;1.66961;1.75517
-1.18722;1.72467;1.78646
-1.27735;1.77671;1.82381
-1.36195;1.82555;1.86754
-1.44078;1.87107;1.91793
2.24617;-0.142124;-2.22634
2.19659;-0.113499;-2.14217
2.15295;-0.0883031;-2.05114
2.11507;-0.0664359;-1.95345
2.08273;-0.0477624;-1.84938
2.05563;-0.032116;-1.73925
2.03343;-0.0192996;-1.62346
2.01574;-0.00908817;-1.50246
2.00213;-0.00123041;-1.37676
1.99212;0.00454842;-1.24689
1.9852;0.00854383;-1.11346
1.98083;0.0110692;-0.977093
1.97843;0.0124525;-0.838439
1.97743;0.0130331;-0.698179
1.97721;0.0131586;-0.557008
1.97717;0.013181;-0.415632
1.9767;0.0134533;-0.274755
1.97519;0.014326;-0.135079
1.97204;0.0161436;0.00270733
1.96667;0.0192413;0.137933
1.95853;0.0239414;0.269954
1.94709;0.0305501;0.398158
1.93184;0.0393548;0.52197
1.91232;0.0506206;0.64086
1.88813;0.0645882;0.754346
1.85889;0.0814715;0.862001
1.82427;0.101455;0.963456
1.78403;0.124692;1.0584
1.73793;0.151304;1.1466
1.68584;0.181378;1.22787
1.62767;0.214967;1.30212
1.56337;0.252089;1.36929
1.49298;0.292725;1.42944
1.4166;0.336824;1.48267
1.33438;0.384298;1.52914
1.24651;0.435025;1.56911
1.15328;0.488852;1.60287
1.055;0.545595;1.63081
0.95204;0.60504;1.65334
0.844815;0.666946;1.67095
0.733787;0.731048;1.68417
0.619454;0.797059;1.69357
0.502345;0.864672;1.69976
0.383018;0.933565;1.7034
0.262055;1.0034;1.70514
0.140052;1.07384;1.70569
0.0176168;1.14453;1.70573
-0.10464;1.21511;1.70598
-0.226109;1.28524;1.70715
-0.346188;1.35457;1.70991
-0.464288;1.42276;1.71496
-0.579842;1.48947;1.72295
-0.692308;1.5544;1.73451
-0.801172;1.61726;1.75023
-0.90596;1.67776;1.77065
-1.00624;1.73565;1.79628
-1.10161;1.79072;1.82758
-1.19174;1.84275;1.86492
-1.27634;1.8916;1.90866
-1.35517;1.93711;1.95905
2.32662;-0.0731064;-2.19117
2.27704;-0.0444807;-2.107
2.2334;-0.019285;-2.01597
2.19553;0.00258218;-1.91829
2.16318;0.0212557;-1.81421
2.13608;0.0369021;-1.70408
2.11389;0.0497185;-1.58829
2.0962;0.0599299;-1.4673
2.08259;0.0677877;-1.34159
2.07258;0.0735665;-1.21173
2.06566;0.0775619;-1.0783
2.06128;0.0800872;-0.941924
2.05889;0.0814705;-0.80327
2.05788;0.0820512;-0.66301
2.05767;0.0821767;-0.521839
2.05763;0.0821991;-0.380463
2.05716;0.0824714;-0.239586
2.05564;0.083344;-0.0999098
2.0525;0.0851617;0.0378763
2.04713;0.0882594;0.173102
2.03899;0.0929595;0.305123
2.02754;0.0995682;0.433327
2.01229;0.108373;0.557139
1.99278;0.119639;0.676029
1.96859;0.133606;0.789515
1.93934;0.15049;0.89717
1.90473;0.170473;0.998625
1.86448;0.19371;1.09357
1.81839;0.220322;1.18177
1.7663;0.250396;1.26304
1.70812;0.283985;1.33729
1.64383;0.321107;1.40446
1.57344;0.361743;1.46461
1.49706;0.405842;1.51784
1.41483;0.453316;1.56431
1.32697;0.504043;1.60428
1.23374;0.55787;1.63804
1.13546;0.614613;1.66598
1.0325;0.674058;1.68851
0.925272;0.735964;1.70612
0.814245;0.800066;1.71934
0.699911;0.866077;1.72874
0.582802;0.93369;1.73493
0.463476;1.00258;1.73857
0.342513;1.07242;1.74031
0.22051;1.14286;1.74086
0.0980739;1.21355;1.7409
-0.0241831;1.28413;1.74115
-0.145652;1.35426;1.74231
-0.26573;1.42359;1.74508
-0.383831;1.49178;1.75013
-0.499385;1.55849;1.75812
-0.61185;1.62342;1.76968
-0.720715;1.68628;1.7854
-0.825503;1.74677;1.80582
-0.925779;1.80467;1.83145
-1.02115;1.85973;1.86274
-1.11128;1.91177;1.90009
-1.19588;1.96061;1.94383
-1.27472;2.00613;1.99422
2.40163;-0.000940062;-2.1623
2.35205;0.0276856;-2.07813
2.30841;0.0528813;-1.9871
2.27053;0.0747485;-1.88941
2.23819;0.093422;-1.78534
2.21109;0.109068;-1.67521
2.18889;0.121885;-1.55942
2.1712;0.132096;-1.43842
2.15759;0.139954;-1.31272
2.14758;0.145733;-1.18285
2.14066;0.149728;-1.04942
2.13629;0.152254;-0.913052
2.13389;0.153637;-0.774397
2.13289;0.154218;-0.634137
2.13267;0.154343;-0.492967
2.13263;0.154365;-0.35159
2.13216;0.154638;-0.210713
2.13065;0.15551;-0.0710374
2.1275;0.157328;0.0667486
2.12213;0.160426;0.201975
2.11399;0.165126;0.333996
2.10255;0.171735;0.4622
2.0873;0.180539;0.586012
2.06778;0.191805;0.704902
2.04359;0.205773;0.818387
2.01435;0.222656;0.926042
1.97974;0.242639;1.0275
1.93949;0.265876;1.12244
1.8934;0.292488;1.21064
1.84131;0.322562;1.29191
1.78313;0.356152;1.36616
1.71883;0.393273;1.43334
1.64845;0.43391;1.49348
1.57207;0.478008;1.54671
1.48984;0.525482;1.59318
1.40198;0.576209;1.63315
1.30874;0.630037;1.66692
1.21046;0.68678;1.69485
1.1075;0.746225;1.71738
1.00028;0.808131;1.73499
0.889249;0.872233;1.74821
0.774915;0.938243;1.75761
0.657806;1.00586;1.7638
0.53848;1.07475;1.76744
0.417517;1.14459;1.76919
0.295514;1.21503;1.76973
0.173078;1.28571;1.76977
0.0508211;1.3563;1.77003
-0.0706476;1.42643;1.77119
-0.190726;1.49576;1.77395
-0.308827;1.56394;1.779
-0.424381;1.63066;1.787
-0.536846;1.69559;1.79855
-0.645711;1.75844;1.81427
-0.750498;1.81894;1.83469
-0.850774;1.87684;1.86032
-0.946148;1.9319;1.89162
-1.03628;1.98394;1.92896
-1.12088;2.03278;1.9727
-1.19971;2.0783;2.02309
2.47093;0.0745188;-2.14001
2.42135;0.103144;-2.05584
2.37771;0.12834;-1.96481
2.33983;0.150207;-1.86713
2.30749;0.168881;-1.76305
2.28039;0.184527;-1.65292
2.25819;0.197344;-1.53713
2.2405;0.207555;-1.41614
2.22689;0.215413;-1.29043
2.21688;0.221192;-1.16057
2.20996;0.225187;-1.02714
2.20559;0.227712;-0.890765
2.20319;0.229096;-0.75211
2.20219;0.229676;-0.61185
2.20197;0.229802;-0.47068
2.20193;0.229824;-0.329303
2.20146;0.230097;-0.188426
2.19995;0.230969;-0.0487501
2.1968;0.232787;0.089036
2.19144;0.235885;0.224262
2.1833;0.240585;0.356283
2.17185;0.247193;0.484487
2.1566;0.255998;0.608299
2.13709;0.267264;0.727189
2.11289;0.281232;0.840675
2.08365;0.298115;0.94833
2.04904;0.318098;1.04978
2.00879;0.341335;1.14473
1.9627;0.367947;1.23293
1.91061;0.398021;1.3142
1.85243;0.43161;1.38845
1.78813;0.468732;1.45562
1.71775;0.509369;1.51577
1.64137;0.553467;1.569
1.55914;0.600941;1.61547
1.47128;0.651668;1.65544
1.37805;0.705496;1.6892
1.27976;0.762239;1.71714
1.1768;0.821683;1.73967
1.06958;0.88359;1.75728
0.95855;0.947691;1.7705
0.844217;1.0137;1.7799
0.727107;1.08132;1.78609
0.607781;1.15021;1.78973
0.486818;1.22005;1.79147
0.364815;1.29048;1.79202
0.24238;1.36117;1.79206
0.120123;1.43176;1.79231
-0.00134621;1.50189;1.79347
-0.121425;1.57122;1.79624
-0.239525;1.6394;1.80129
-0.355079;1.70612;1.80928
-0.467545;1.77105;1.82084
-0.576409;1.8339;1.83656
-0.681197;1.8944;1.85698
-0.781473;1.95229;1.88261
-0.876847;2.00736;1.9139
-0.966978;2.0594;1.95125
-1.05158;2.10824;1.99499
-1.13041;2.15375;2.04538
2.53434;0.153382;-2.12453
2.48475;0.182007;-2.04036
2.44111;0.207203;-1.94933
2.40324;0.22907;-1.85165
2.3709;0.247744;-1.74757
2.3438;0.26339;-1.63744
2.3216;0.276206;-1.52165
2.30391;0.286418;-1.40066
2.2903;0.294276;-1.27495
2.28029;0.300054;-1.14509
2.27337;0.30405;-1.01166
2.269;0.306575;-0.875285
2.2666;0.307958;-0.73663
2.26559;0.308539;-0.59637
2.26538;0.308665;-0.4552
2.26534;0.308687;-0.313823
2.26487;0.308959;-0.172946
2.26336;0.309832;-0.0332704
2.26021;0.31165;0.104516
2.25484;0.314747;0.239742
2.2467;0.319447;0.371763
2.23525;0.326056;0.499967
2.22;0.334861;0.623779
2.20049;0.346127;0.742669
2.1763;0.360094;0.856155
2.14706;0.376977;0.963809
2.11244;0.396961;1.06526
2.0722;0.420198;1.16021
2.0261;0.44681;1.24841
1.97401;0.476884;1.32968
1.91583;0.510473;1.40392
1.85154;0.547595;1.4711
1.78115;0.588231;1.53125
1.70477;0.63233;1.58448
1.62255;0.679804;1.63095
1.53468;0.730531;1.67092
1.44145;0.784358;1.70468
1.34317;0.841101;1.73262
1.24021;0.900546;1.75515
1.13298;0.962452;1.77276
1.02196;1.02655;1.78598
0.907622;1.09256;1.79538
0.790513;1.16018;1.80157
0.671187;1.22907;1.80521
0.550224;1.29891;1.80695
0.428221;1.36935;1.8075
0.305785;1.44004;1.80754
0.183528;1.51062;1.80779
0.0620596;1.58075;1.80895
-0.058019;1.65008;1.81172
-0.176119;1.71826;1.81677
-0.291674;1.78498;1.82476
-0.404139;1.84991;1.83632
-0.513003;1.91276;1.85204
-0.617791;1.97326;1.87246
-0.718067;2.03116;1.89809
-0.813441;2.08622;1.92938
-0.903572;2.13826;1.96673
-0.988172;2.1871;2.01047
-1.06701;2.23262;2.06086
2.59171;0.235725;-2.11602
2.54213;0.264351;-2.03185
2.49849;0.289547;-1.94082
2.46062;0.311414;-1.84313
2.42827;0.330087;-1.73905
2.40117;0.345734;-1.62893
2.37897;0.35855;-1.51314
2.36129;0.368762;-1.39214
2.34768;0.376619;-1.26643
2.33767;0.382398;-1.13657
2.33075;0.386394;-1.00314
2.32637;0.388919;-0.866768
2.32398;0.390302;-0.728113
2.32297;0.390883;-0.587853
2.32275;0.391009;-0.446683
2.32271;0.391031;-0.305306
2.32224;0.391303;-0.164429
2.32073;0.392176;-0.0247531
2.31758;0.393993;0.113033
2.31222;0.397091;0.248259
2.30408;0.401791;0.38028
2.29263;0.4084;0.508484
2.27738;0.417205;0.632296
2.25787;0.42847;0.751186
2.23367;0.442438;0.864672
2.20443;0.459321;0.972327
2.16982;0.479305;1.07378
2.12957;0.502542;1.16873
2.08348;0.529154;1.25693
2.03139;0.559228;1.3382
1.97321;0.592817;1.41244
1.90891;0.629939;1.47962
1.83853;0.670575;1.53977
1.76215;0.714674;1.59299
1.67992;0.762147;1.63947
1.59206;0.812875;1.67943
1.49883;0.866702;1.7132
1.40055;0.923445;1.74114
1.29758;0.98289;1.76367
1.19036;1.0448;1.78128
1.07933;1.1089;1.79449
0.964999;1.17491;1.80389
0.847889;1.24252;1.81009
0.728563;1.31141;1.81372
0.6076;1.38125;1.81547
0.485597;1.45169;1.81601
0.363162;1.52238;1.81606
0.240904;1.59296;1.81631
0.119436;1.66309;1.81747
-0.000642813;1.73242;1.82024
-0.118743;1.80061;1.82529
-0.234298;1.86732;1.83328
-0.346763;1.93225;1.84484
-0.455627;1.99511;1.86055
-0.560415;2.05561;1.88098
-0.660691;2.1135;1.90661
-0.756065;2.16857;1.9379
-0.846196;2.2206;1.97525
-0.930795;2.26945;2.01898
-1.00963;2.31496;2.06937
2.64298;0.321593;-2.11455
2.5934;0.350219;-2.03038
2.54976;0.375414;-1.93935
2.51189;0.397282;-1.84166
2.47954;0.415955;-1.73758
2.45244;0.431602;-1.62746
2.43025;0.444418;-1.51167
2.41256;0.454629;-1.39067
2.39895;0.462487;-1.26496
2.38894;0.468266;-1.1351
2.38202;0.472261;-1.00167
2.37765;0.474787;-0.865298
2.37525;0.47617;-0.726643
2.37424;0.476751;-0.586383
2.37403;0.476876;-0.445213
2.37399;0.476899;-0.303836
2.37352;0.477171;-0.162959
2.372;0.478043;-0.0232833
2.36886;0.479861;0.114503
2.36349;0.482959;0.249729
2.35535;0.487659;0.38175
2.3439;0.494268;0.509954
2.32865;0.503072;0.633766
2.30914;0.514338;0.752656
2.28495;0.528306;0.866142
2.2557;0.545189;0.973796
2.22109;0.565172;1.07525
2.18084;0.58841;1.1702
2.13475;0.615021;1.2584
2.08266;0.645096;1.33967
2.02448;0.678685;1.41391
1.96019;0.715806;1.48109
1.8898;0.756443;1.54124
1.81342;0.800542;1.59446
1.73119;0.848015;1.64094
1.64333;0.898742;1.6809
1.5501;0.95257;1.71467
1.45182;1.00931;1.74261
1.34886;1.06876;1.76514
1.24163;1.13066;1.78275
1.13061;1.19477;1.79596
1.01627;1.26078;1.80536
0.899162;1.32839;1.81156
0.779836;1.39728;1.81519
0.658873;1.46712;1.81694
0.53687;1.53756;1.81748
0.414434;1.60825;1.81753
0.292177;1.67883;1.81778
0.170709;1.74896;1.81894
0.0506301;1.81829;1.82171
-0.0674704;1.88647;1.82676
-0.183025;1.95319;1.83475
-0.29549;2.01812;1.84631
-0.404354;2.08097;1.86202
-0.509142;2.14147;1.88245
-0.609418;2.19937;1.90808
-0.704792;2.25443;1.93937
-0.794923;2.30647;1.97672
-0.879522;2.35531;2.02045
-0.958357;2.40083;2.07084
2.68814;0.410992;-2.12014
2.63856;0.439617;-2.03597
2.59492;0.464813;-1.94494
2.55704;0.48668;-1.84725
2.5247;0.505354;-1.74318
2.4976;0.521;-1.63305
2.4754;0.533817;-1.51726
2.45772;0.544028;-1.39626
2.44411;0.551886;-1.27056
2.4341;0.557665;-1.14069
2.42718;0.56166;-1.00726
2.4228;0.564185;-0.87089
2.42041;0.565569;-0.732235
2.4194;0.566149;-0.591975
2.41918;0.566275;-0.450805
2.41914;0.566297;-0.309429
2.41867;0.56657;-0.168552
2.41716;0.567442;-0.0288757
2.41401;0.56926;0.10891
2.40865;0.572358;0.244136
2.40051;0.577058;0.376158
2.38906;0.583666;0.504361
2.37381;0.592471;0.628174
2.3543;0.603737;0.747063
2.3301;0.617704;0.860549
2.30086;0.634588;0.968204
2.26625;0.654571;1.06966
2.226;0.677808;1.16461
2.17991;0.70442;1.2528
2.12782;0.734494;1.33408
2.06964;0.768083;1.40832
2.00534;0.805205;1.4755
1.93496;0.845842;1.53565
1.85858;0.88994;1.58887
1.77635;0.937414;1.63534
1.68849;0.988141;1.67531
1.59526;1.04197;1.70908
1.49698;1.09871;1.73701
1.39401;1.15816;1.75954
1.28679;1.22006;1.77715
1.17576;1.28416;1.79037
1.06143;1.35018;1.79977
0.944319;1.41779;1.80597
0.824993;1.48668;1.8096
0.70403;1.55652;1.81135
0.582027;1.62696;1.81189
0.459591;1.69765;1.81194
0.337334;1.76823;1.81219
0.215866;1.83836;1.81335
0.0957869;1.90769;1.81612
-0.0223135;1.97587;1.82117
-0.137868;2.04259;1.82916
-0.250333;2.10752;1.84071
-0.359197;2.17037;1.85643
-0.463985;2.23087;1.87685
-0.564261;2.28877;1.90249
-0.659635;2.34383;1.93378
-0.749766;2.39587;1.97113
-0.834366;2.44471;2.01486
-0.9132;2.49023;2.06525
2.72723;0.503894;-2.13274
2.67765;0.532519;-2.04857
2.63401;0.557715;-1.95754
2.59613;0.579582;-1.85985
2.56379;0.598256;-1.75578
2.53669;0.613902;-1.64565
2.51449;0.626719;-1.52986
2.4968;0.63693;-1.40886
2.48319;0.644788;-1.28315
2.47319;0.650567;-1.15329
2.46627;0.654562;-1.01986
2.46189;0.657087;-0.883489
2.4595;0.658471;-0.744834
2.45849;0.659051;-0.604574
2.45827;0.659177;-0.463404
2.45823;0.659199;-0.322027
2.45776;0.659471;-0.18115
2.45625;0.660344;-0.0414743
2.4531;0.662162;0.0963118
2.44774;0.665259;0.231538
2.4396;0.669959;0.363559
2.42815;0.676568;0.491763
2.4129;0.685373;0.615575
2.39339;0.696639;0.734465
2.36919;0.710606;0.847951
2.33995;0.72749;0.955605
2.30534;0.747473;1.05706
2.26509;0.77071;1.15201
2.219;0.797322;1.2402
2.16691;0.827396;1.32148
2.10873;0.860985;1.39572
2.04443;0.898107;1.4629
1.97405;0.938743;1.52305
1.89767;0.982842;1.57627
1.81544;1.03032;1.62275
1.72758;1.08104;1.66271
1.63435;1.13487;1.69648
1.53607;1.19161;1.72441
1.4331;1.25106;1.74695
1.32588;1.31296;1.76455
1.21485;1.37707;1.77777
1.10052;1.44308;1.78717
0.983408;1.51069;1.79337
0.864082;1.57958;1.797
0.743119;1.64942;1.79875
0.621116;1.71986;1.79929
0.498681;1.79055;1.79934
0.376423;1.86113;1.79959
0.254955;1.93126;1.80075
0.134876;2.00059;1.80352
0.0167757;2.06878;1.80857
-0.0987785;2.13549;1.81656
-0.211244;2.20042;1.82812
-0.320108;2.26328;1.84383
-0.424896;2.32377;1.86425
-0.525172;2.38167;1.88989
-0.620546;2.43673;1.92118
-0.710677;2.48877;1.95853
-0.795276;2.53761;2.00226
-0.874111;2.58313;2.05265
2.76036;0.600236;-2.15222
2.71078;0.628861;-2.06805
2.66714;0.654057;-1.97702
2.62926;0.675924;-1.87933
2.59692;0.694598;-1.77525
2.56982;0.710244;-1.66513
2.54762;0.723061;-1.54934
2.52994;0.733272;-1.42834
2.51633;0.74113;-1.30263
2.50632;0.746909;-1.17277
2.4994;0.750904;-1.03934
2.49502;0.753429;-0.902968
2.49263;0.754813;-0.764313
2.49162;0.755393;-0.624053
2.4914;0.755519;-0.482883
2.49136;0.755541;-0.341506
2.49089;0.755813;-0.200629
2.48938;0.756686;-0.0609534
2.48623;0.758504;0.0768327
2.48087;0.761601;0.212059
2.47273;0.766302;0.34408
2.46128;0.77291;0.472284
2.44603;0.781715;0.596096
2.42652;0.792981;0.714986
2.40232;0.806948;0.828472
2.37308;0.823832;0.936126
2.33847;0.843815;1.03758
2.29822;0.867052;1.13253
2.25213;0.893664;1.22073
2.20004;0.923738;1.302
2.14186;0.957327;1.37624
2.07756;0.994449;1.44342
2.00718;1.03509;1.50357
1.9308;1.07918;1.55679
1.84857;1.12666;1.60327
1.76071;1.17739;1.64323
1.66748;1.23121;1.677
1.5692;1.28796;1.70494
1.46623;1.3474;1.72747
1.35901;1.40931;1.74508
1.24798;1.47341;1.75829
1.13365;1.53942;1.76769
1.01654;1.60703;1.77389
0.897213;1.67592;1.77752
0.77625;1.74576;1.77927
0.654247;1.8162;1.77981
0.531811;1.88689;1.77986
0.409554;1.95747;1.78011
0.288085;2.0276;1.78127
0.168007;2.09693;1.78404
0.0499064;2.16512;1.78909
-0.0656479;2.23183;1.79708
-0.178113;2.29676;1.80864
-0.286978;2.35962;1.82435
-0.391765;2.42012;1.84478
-0.492041;2.47801;1.87041
-0.587415;2.53308;1.9017
-0.677546;2.58511;1.93905
-0.762146;2.63396;1.98278
-0.84098;2.67947;2.03317
2.7877;0.699921;-2.17838
2.73812;0.728546;-2.09421
2.69448;0.753742;-2.00318
2.65661;0.775609;-1.90549
2.62426;0.794283;-1.80142
2.59716;0.809929;-1.69129
2.57496;0.822746;-1.5755
2.55728;0.832957;-1.4545
2.54367;0.840815;-1.3288
2.53366;0.846594;-1.19893
2.52674;0.850589;-1.0655
2.52236;0.853114;-0.929133
2.51997;0.854498;-0.790478
2.51896;0.855078;-0.650218
2.51874;0.855204;-0.509048
2.5187;0.855226;-0.367671
2.51823;0.855498;-0.226794
2.51672;0.856371;-0.0871182
2.51357;0.858189;0.0506679
2.50821;0.861286;0.185894
2.50007;0.865987;0.317915
2.48862;0.872595;0.446119
2.47337;0.8814;0.569931
2.45386;0.892666;0.688821
2.42966;0.906633;0.802307
2.40042;0.923517;0.909962
2.36581;0.9435;1.01142
2.32556;0.966737;1.10636
2.27947;0.993349;1.19456
2.22738;1.02342;1.27583
2.1692;1.05701;1.35008
2.1049;1.09413;1.41726
2.03452;1.13477;1.4774
1.95814;1.17887;1.53063
1.87591;1.22634;1.5771
1.78805;1.27707;1.61707
1.69482;1.3309;1.65083
1.59654;1.38764;1.67877
1.49357;1.44709;1.7013
1.38635;1.50899;1.71891
1.27532;1.57309;1.73213
1.16099;1.6391;1.74153
1.04388;1.70672;1.74772
0.924553;1.77561;1.75136
0.80359;1.84545;1.7531
0.681588;1.91589;1.75365
0.559152;1.98657;1.75369
0.436895;2.05716;1.75395
0.315426;2.12729;1.75511
0.195347;2.19662;1.75787
0.077247;2.2648;1.76292
-0.0383073;2.33152;1.77091
-0.150773;2.39645;1.78247
-0.259637;2.4593;1.79819
-0.364425;2.5198;1.81861
-0.464701;2.5777;1.84424
-0.560075;2.63276;1.87554
-0.650206;2.6848;1.91288
-0.734805;2.73364;1.95662
-0.813639;2.77916;2.00701
2.80948;0.802818;-2.21097
2.7599;0.831443;-2.1268
2.71626;0.856639;-2.03577
2.67838;0.878506;-1.93808
2.64604;0.89718;-1.83401
2.61894;0.912826;-1.72388
2.59674;0.925643;-1.60809
2.57905;0.935854;-1.48709
2.56544;0.943712;-1.36139
2.55543;0.949491;-1.23152
2.54851;0.953486;-1.09809
2.54414;0.956011;-0.961722
2.54174;0.957395;-0.823067
2.54074;0.957975;-0.682807
2.54052;0.958101;-0.541637
2.54048;0.958123;-0.40026
2.54001;0.958396;-0.259383
2.5385;0.959268;-0.119707
2.53535;0.961086;0.0180787
2.52999;0.964184;0.153305
2.52184;0.968884;0.285326
2.5104;0.975492;0.41353
2.49515;0.984297;0.537342
2.47563;0.995563;0.656232
2.45144;1.00953;0.769718
2.4222;1.02641;0.877372
2.38759;1.0464;0.978827
2.34734;1.06963;1.07377
2.30125;1.09625;1.16197
2.24916;1.12632;1.24324
2.19098;1.15991;1.31749
2.12668;1.19703;1.38467
2.0563;1.23767;1.44481
1.97992;1.28177;1.49804
1.89769;1.32924;1.54451
1.80983;1.37997;1.58448
1.71659;1.43379;1.61825
1.61831;1.49054;1.64618
1.51535;1.54998;1.66871
1.40813;1.61189;1.68632
1.2971;1.67599;1.69954
1.18277;1.742;1.70894
1.06566;1.80961;1.71513
0.94633;1.87851;1.71877
0.825367;1.94835;1.72052
0.703364;2.01878;1.72106
0.580929;2.08947;1.7211
0.458672;2.16006;1.72136
0.337203;2.23019;1.72252
0.217124;2.29951;1.72528
0.0990239;2.3677;1.73033
-0.0165303;2.43441;1.73833
-0.128996;2.49935;1.74988
-0.23786;2.5622;1.7656
-0.342648;2.6227;1.78602
-0.442924;2.68059;1.81165
-0.538298;2.73566;1.84295
-0.628429;2.78769;1.88029
-0.713028;2.83654;1.92403
-0.791862;2.88205;1.97442
2.82597;0.908764;-2.24966
2.77639;0.93739;-2.16549
2.73275;0.962586;-2.07446
2.69488;0.984453;-1.97677
2.66253;1.00313;-1.8727
2.63543;1.01877;-1.76257
2.61324;1.03159;-1.64678
2.59555;1.0418;-1.52578
2.58194;1.04966;-1.40007
2.57193;1.05544;-1.27021
2.56501;1.05943;-1.13678
2.56063;1.06196;-1.00041
2.55824;1.06334;-0.861755
2.55723;1.06392;-0.721495
2.55702;1.06405;-0.580325
2.55698;1.06407;-0.438948
2.55651;1.06434;-0.298071
2.55499;1.06521;-0.158395
2.55185;1.06703;-0.0206092
2.54648;1.07013;0.114617
2.53834;1.07483;0.246638
2.52689;1.08144;0.374842
2.51164;1.09024;0.498654
2.49213;1.10151;0.617544
2.46794;1.11548;0.73103
2.43869;1.13236;0.838684
2.40408;1.15234;0.940139
2.36383;1.17558;1.03509
2.31774;1.20219;1.12328
2.26565;1.23227;1.20456
2.20747;1.26586;1.2788
2.14318;1.30298;1.34598
2.07279;1.34361;1.40613
1.99641;1.38771;1.45935
1.91418;1.43519;1.50582
1.82632;1.48591;1.54579
1.73309;1.53974;1.57956
1.63481;1.59648;1.60749
1.53185;1.65593;1.63002
1.42462;1.71783;1.64763
1.31359;1.78194;1.66085
1.19926;1.84795;1.67025
1.08215;1.91556;1.67645
0.962826;1.98445;1.68008
0.841863;2.05429;1.68183
0.71986;2.12473;1.68237
0.597424;2.19542;1.68242
0.475167;2.266;1.68267
0.353698;2.33613;1.68383
0.23362;2.40546;1.6866
0.115519;2.47365;1.69165
-3.50416e-05;2.54036;1.69964
-0.1125;2.60529;1.7112
-0.221365;2.66815;1.72691
-0.326153;2.72865;1.74733
-0.426428;2.78654;1.77297
-0.521802;2.8416;1.80426
-0.611934;2.89364;1.84161
-0.696533;2.94248;1.88534
-0.775367;2.988;1.93573
2.83752;1.01757;-2.29406
2.78794;1.04619;-2.20989
2.7443;1.07139;-2.11886
2.70643;1.09326;-2.02117
2.67408;1.11193;-1.9171
2.64698;1.12758;-1.80697
2.62478;1.14039;-1.69118
2.6071;1.1506;-1.57018
2.59349;1.15846;-1.44447
2.58348;1.16424;-1.31461
2.57656;1.16824;-1.18118
2.57218;1.17076;-1.04481
2.56979;1.17214;-0.906155
2.56878;1.17272;-0.765895
2.56856;1.17285;-0.624725
2.56853;1.17287;-0.483348
2.56805;1.17314;-0.342471
2.56654;1.17402;-0.202795
2.56339;1.17583;-0.0650093
2.55803;1.17893;0.0702166
2.54989;1.18363;0.202238
2.53844;1.19024;0.330442
2.52319;1.19905;0.454254
2.50368;1.21031;0.573144
2.47949;1.22428;0.68663
2.45024;1.24116;0.794284
2.41563;1.26115;0.895739
2.37538;1.28438;0.990686
2.32929;1.311;1.07888
2.2772;1.34107;1.16016
2.21902;1.37466;1.2344
2.15473;1.41178;1.30158
2.08434;1.45242;1.36173
2.00796;1.49652;1.41495
1.92573;1.54399;1.46142
1.83787;1.59472;1.50139
1.74464;1.64854;1.53516
1.64636;1.70529;1.56309
1.5434;1.76473;1.58562
1.43617;1.82664;1.60323
1.32514;1.89074;1.61645
1.21081;1.95675;1.62585
1.0937;2.02436;1.63205
0.974374;2.09326;1.63568
0.853411;2.16309;1.63743
0.731408;2.23353;1.63797
0.608972;2.30422;1.63802
0.486715;2.37481;1.63827
0.365247;2.44494;1.63943
0.245168;2.51426;1.6422
0.127068;2.58245;1.64725
0.0115134;2.64916;1.65524
-0.100952;2.7141;1.6668
-0.209816;2.77695;1.68251
-0.314604;2.83745;1.70293
-0.41488;2.89534;1.72857
-0.510254;2.95041;1.75986
-0.600385;3.00244;1.79721
-0.684984;3.05129;1.84094
-0.763819;3.0968;1.89133
2.84451;1.129;-2.34373
2.79493;1.15763;-2.25956
2.75129;1.18283;-2.16853
2.71341;1.20469;-2.07084
2.68107;1.22337;-1.96676
2.65397;1.23901;-1.85664
2.63177;1.25183;-1.74085
2.61408;1.26204;-1.61985
2.60047;1.2699;-1.49414
2.59046;1.27568;-1.36428
2.58354;1.27967;-1.23085
2.57917;1.2822;-1.09448
2.57677;1.28358;-0.955824
2.57577;1.28416;-0.815564
2.57555;1.28429;-0.674393
2.57551;1.28431;-0.533017
2.57504;1.28458;-0.39214
2.57353;1.28545;-0.252464
2.57038;1.28727;-0.114678
2.56501;1.29037;0.020548
2.55687;1.29507;0.152569
2.54543;1.30168;0.280773
2.53018;1.31048;0.404585
2.51066;1.32175;0.523475
2.48647;1.33572;0.636961
2.45723;1.3526;0.744616
2.42262;1.37258;0.84607
2.38237;1.39582;0.941017
2.33628;1.42243;1.02921
2.28419;1.45251;1.11049
2.22601;1.4861;1.18473
2.16171;1.52322;1.25191
2.09133;1.56385;1.31206
2.01495;1.60795;1.36528
1.93272;1.65543;1.41176
1.84486;1.70615;1.45172
1.75162;1.75998;1.48549
1.65334;1.81672;1.51342
1.55038;1.87617;1.53596
1.44316;1.93807;1.55357
1.33213;2.00218;1.56678
1.2178;2.06819;1.57618
1.10069;2.1358;1.58238
0.98136;2.20469;1.58601
0.860397;2.27453;1.58776
0.738394;2.34497;1.5883
0.615958;2.41566;1.58835
0.493701;2.48624;1.5886
0.372232;2.55637;1.58976
0.252154;2.6257;1.59253
0.134053;2.69389;1.59758
0.0184991;2.7606;1.60557
-0.0939662;2.82553;1.61713
-0.202831;2.88839;1.63284
-0.307618;2.94888;1.65326
-0.407894;3.00678;1.6789
-0.503268;3.06184;1.71019
-0.593399;3.11388;1.74754
-0.677999;3.16272;1.79127
-0.756833;3.20824;1.84166
2.84736;1.24283;-2.39817
2.79778;1.27145;-2.314
2.75414;1.29665;-2.22297
2.71626;1.31852;-2.12528
2.68392;1.33719;-2.02121
2.65682;1.35284;-1.91108
2.63462;1.36565;-1.79529
2.61694;1.37586;-1.67429
2.60333;1.38372;-1.54858
2.59332;1.3895;-1.41872
2.5864;1.39349;-1.28529
2.58202;1.39602;-1.14892
2.57963;1.3974;-1.01026
2.57862;1.39798;-0.870005
2.5784;1.39811;-0.728834
2.57836;1.39813;-0.587458
2.57789;1.3984;-0.446581
2.57638;1.39928;-0.306905
2.57323;1.40109;-0.169119
2.56787;1.40419;-0.0338929
2.55973;1.40889;0.0981284
2.54828;1.4155;0.226332
2.53303;1.42431;0.350144
2.51352;1.43557;0.469034
2.48932;1.44954;0.58252
2.46008;1.46642;0.690175
2.42547;1.48641;0.791629
2.38522;1.50964;0.886577
2.33913;1.53626;0.974774
2.28704;1.56633;1.05605
2.22886;1.59992;1.13029
2.16456;1.63704;1.19747
2.09418;1.67768;1.25762
2.0178;1.72178;1.31084
1.93557;1.76925;1.35731
1.84771;1.81998;1.39728
1.75448;1.8738;1.43105
1.6562;1.93055;1.45898
1.55323;1.98999;1.48152
1.44601;2.0519;1.49912
1.33498;2.116;1.51234
1.22065;2.18201;1.52174
1.10354;2.24962;1.52794
0.984213;2.31852;1.53157
0.86325;2.38835;1.53332
0.741247;2.45879;1.53386
0.618811;2.52948;1.53391
0.496554;2.60007;1.53416
0.375085;2.6702;1.53532
0.255007;2.73952;1.53809
0.136906;2.80771;1.54314
0.0213519;2.87442;1.55113
-0.0911134;2.93936;1.56269
-0.199978;3.00221;1.5784
-0.304766;3.06271;1.59882
-0.405042;3.1206;1.62446
-0.500416;3.17567;1.65575
-0.590547;3.2277;1.6931
-0.675146;3.27655;1.73683
-0.75398;3.32206;1.78722
2.84655;1.35876;-2.45684
2.79697;1.38739;-2.37267
2.75333;1.41259;-2.28164
2.71546;1.43445;-2.18395
2.68311;1.45313;-2.07987
2.65601;1.46877;-1.96975
2.63381;1.48159;-1.85396
2.61613;1.4918;-1.73296
2.60252;1.49966;-1.60725
2.59251;1.50544;-1.47739
2.58559;1.50943;-1.34396
2.58121;1.51196;-1.20759
2.57882;1.51334;-1.06893
2.57781;1.51392;-0.928674
2.57759;1.51405;-0.787504
2.57755;1.51407;-0.646127
2.57708;1.51434;-0.50525
2.57557;1.51521;-0.365574
2.57242;1.51703;-0.227788
2.56706;1.52013;-0.0925621
2.55892;1.52483;0.0394592
2.54747;1.53144;0.167663
2.53222;1.54024;0.291475
2.51271;1.55151;0.410365
2.48852;1.56548;0.523851
2.45927;1.58236;0.631506
2.42466;1.60234;0.73296
2.38441;1.62558;0.827907
2.33832;1.65219;0.916105
2.28623;1.68227;0.997378
2.22805;1.71586;1.07162
2.16375;1.75298;1.1388
2.09337;1.79361;1.19895
2.01699;1.83771;1.25217
1.93476;1.88519;1.29865
1.8469;1.93591;1.33861
1.75367;1.98974;1.37238
1.65539;2.04648;1.40031
1.55242;2.10593;1.42285
1.4452;2.16783;1.44046
1.33417;2.23194;1.45367
1.21984;2.29795;1.46307
1.10273;2.36556;1.46927
0.983404;2.43445;1.4729
0.862441;2.50429;1.47465
0.740438;2.57473;1.47519
0.618002;2.64542;1.47524
0.495745;2.716;1.47549
0.374276;2.78613;1.47665
0.254198;2.85546;1.47942
0.136097;2.92365;1.48447
0.0205429;2.99036;1.49246
-0.0919224;3.05529;1.50402
-0.200787;3.11815;1.51973
-0.305575;3.17864;1.54015
-0.405851;3.23654;1.56579
-0.501225;3.2916;1.59708
-0.591356;3.34364;1.63443
-0.675955;3.39248;1.67816
-0.754789;3.438;1.72855
2.84259;1.47652;-2.51915
2.79301;1.50515;-2.43498
2.74937;1.53034;-2.34395
2.71149;1.55221;-2.24626
2.67915;1.57088;-2.14219
2.65205;1.58653;-2.03206
2.62985;1.59935;-1.91627
2.61216;1.60956;-1.79527
2.59855;1.61742;-1.66956
2.58854;1.62319;-1.5397
2.58162;1.62719;-1.40627
2.57725;1.62972;-1.2699
2.57485;1.6311;-1.13125
2.57385;1.63168;-0.990985
2.57363;1.63181;-0.849815
2.57359;1.63183;-0.708438
2.57312;1.6321;-0.567561
2.57161;1.63297;-0.427885
2.56846;1.63479;-0.290099
2.5631;1.63789;-0.154873
2.55495;1.64259;-0.0228521
2.54351;1.6492;0.105352
2.52826;1.658;0.229164
2.50874;1.66927;0.348054
2.48455;1.68323;0.46154
2.45531;1.70012;0.569194
2.4207;1.7201;0.670649
2.38045;1.74334;0.765596
2.33436;1.76995;0.853794
2.28227;1.80002;0.935067
2.22409;1.83361;1.00931
2.15979;1.87074;1.07649
2.08941;1.91137;1.13664
2.01303;1.95547;1.18986
1.9308;2.00294;1.23633
1.84294;2.05367;1.2763
1.7497;2.1075;1.31007
1.65142;2.16424;1.338
1.54846;2.22369;1.36053
1.44124;2.28559;1.37814
1.33021;2.34969;1.39136
1.21588;2.41571;1.40076
1.09877;2.48332;1.40696
0.97944;2.55221;1.41059
0.858477;2.62205;1.41234
0.736475;2.69249;1.41288
0.614039;2.76318;1.41293
0.491782;2.83376;1.41318
0.370313;2.90389;1.41434
0.250234;2.97322;1.41711
0.132134;3.0414;1.42216
0.0165797;3.10812;1.43015
-0.0958856;3.17305;1.4417
-0.20475;3.2359;1.45742
-0.309538;3.2964;1.47784
-0.409814;3.3543;1.50348
-0.505188;3.40936;1.53477
-0.595319;3.4614;1.57212
-0.679918;3.51024;1.61585
-0.758752;3.55576;1.66624
2.83601;1.59579;-2.58448
2.78643;1.62442;-2.50031
2.74279;1.64961;-2.40928
2.70491;1.67148;-2.31159
2.67257;1.69015;-2.20752
2.64547;1.7058;-2.09739
2.62327;1.71861;-1.9816
2.60559;1.72883;-1.8606
2.59198;1.73668;-1.7349
2.58197;1.74246;-1.60503
2.57505;1.74646;-1.4716
2.57067;1.74898;-1.33523
2.56828;1.75037;-1.19658
2.56727;1.75095;-1.05632
2.56705;1.75107;-0.915146
2.56701;1.7511;-0.773769
2.56654;1.75137;-0.632892
2.56503;1.75224;-0.493216
2.56188;1.75406;-0.35543
2.55652;1.75716;-0.220204
2.54838;1.76186;-0.088183
2.53693;1.76846;0.0400209
2.52168;1.77727;0.163833
2.50217;1.78854;0.282723
2.47797;1.8025;0.396209
2.44873;1.81939;0.503864
2.41412;1.83937;0.605318
2.37387;1.86261;0.700265
2.32778;1.88922;0.788463
2.27569;1.91929;0.869736
2.21751;1.95288;0.943979
2.15321;1.99;1.01116
2.08283;2.03064;1.07131
2.00645;2.07474;1.12453
1.92422;2.12221;1.171
1.83636;2.17294;1.21097
1.74313;2.22677;1.24474
1.64485;2.28351;1.27267
1.54188;2.34295;1.2952
1.43466;2.40486;1.31281
1.32363;2.46896;1.32603
1.2093;2.53497;1.33543
1.09219;2.60259;1.34163
0.972862;2.67148;1.34526
0.851899;2.74132;1.34701
0.729896;2.81176;1.34755
0.607461;2.88244;1.3476
0.485204;2.95303;1.34785
0.363735;3.02316;1.34901
0.243656;3.09249;1.35178
0.125556;3.16067;1.35683
0.0100016;3.22739;1.36482
-0.102464;3.29232;1.37637
-0.211328;3.35517;1.39209
-0.316116;3.41567;1.41251
-0.416392;3.47357;1.43815
-0.511766;3.52863;1.46944
-0.601897;3.58067;1.50679
-0.686496;3.62951;1.55052
-0.765331;3.67503;1.60091
2.82738;1.71624;-2.65218
2.7778;1.74487;-2.56801
2.73416;1.77006;-2.47698
2.69629;1.79193;-2.37929
2.66394;1.8106;-2.27521
2.63684;1.82625;-2.16509
2.61464;1.83907;-2.0493
2.59696;1.84928;-1.9283
2.58335;1.85714;-1.80259
2.57334;1.86291;-1.67273
2.56642;1.86691;-1.5393
2.56204;1.86943;-1.40293
2.55965;1.87082;-1.26427
2.55864;1.8714;-1.12401
2.55842;1.87152;-0.982843
2.55839;1.87155;-0.841467
2.55791;1.87182;-0.70059
2.5564;1.87269;-0.560914
2.55325;1.87451;-0.423128
2.54789;1.87761;-0.287902
2.53975;1.88231;-0.155881
2.5283;1.88892;-0.0276767
2.51305;1.89772;0.0961354
2.49354;1.90899;0.215025
2.46935;1.92295;0.328511
2.4401;1.93984;0.436166
2.40549;1.95982;0.537621
2.36524;1.98306;0.632568
2.31915;2.00967;0.720765
2.26706;2.03974;0.802038
2.20888;2.07333;0.876282
2.14459;2.11045;0.94346
2.0742;2.15109;1.00361
1.99782;2.19519;1.05683
1.91559;2.24266;1.10331
1.82773;2.29339;1.14327
1.7345;2.34722;1.17704
1.63622;2.40396;1.20497
1.53326;2.46341;1.22751
1.42603;2.52531;1.24512
1.315;2.58941;1.25833
1.20067;2.65542;1.26773
1.08356;2.72304;1.27393
0.964234;2.79193;1.27756
0.843271;2.86177;1.27931
0.721269;2.93221;1.27985
0.598833;3.0029;1.2799
0.476576;3.07348;1.28015
0.355107;3.14361;1.28131
0.235028;3.21294;1.28408
0.116928;3.28112;1.28913
0.00137374;3.34784;1.29712
-0.111092;3.41277;1.30868
-0.219956;3.47562;1.32439
-0.324744;3.53612;1.34482
-0.42502;3.59402;1.37045
-0.520394;3.64908;1.40174
-0.610525;3.70112;1.43909
-0.695124;3.74996;1.48282
-0.773958;3.79548;1.53321
